# Grace project file
#
@version 50125
@page size 792, 612
@page scroll 5%
@page inout 5%
@link page off
@map font 8 to "Courier", "Courier"
@map font 10 to "Courier-Bold", "Courier-Bold"
@map font 11 to "Courier-BoldOblique", "Courier-BoldOblique"
@map font 9 to "Courier-Oblique", "Courier-Oblique"
@map font 14 to "Courier-Regular", "Courier-Regular"
@map font 15 to "D050000L-Regular", "D050000L-Regular"
@map font 4 to "Helvetica", "Helvetica"
@map font 6 to "Helvetica-Bold", "Helvetica-Bold"
@map font 7 to "Helvetica-BoldOblique", "Helvetica-BoldOblique"
@map font 5 to "Helvetica-Oblique", "Helvetica-Oblique"
@map font 20 to "NimbusMonoPS-Bold", "NimbusMonoPS-Bold"
@map font 21 to "NimbusMonoPS-BoldItalic", "NimbusMonoPS-BoldItalic"
@map font 22 to "NimbusMonoPS-Italic", "NimbusMonoPS-Italic"
@map font 23 to "NimbusMonoPS-Regular", "NimbusMonoPS-Regular"
@map font 24 to "NimbusRoman-Bold", "NimbusRoman-Bold"
@map font 25 to "NimbusRoman-BoldItalic", "NimbusRoman-BoldItalic"
@map font 26 to "NimbusRoman-Italic", "NimbusRoman-Italic"
@map font 27 to "NimbusRoman-Regular", "NimbusRoman-Regular"
@map font 28 to "NimbusSans-Bold", "NimbusSans-Bold"
@map font 29 to "NimbusSans-BoldItalic", "NimbusSans-BoldItalic"
@map font 30 to "NimbusSans-Italic", "NimbusSans-Italic"
@map font 31 to "NimbusSans-Regular", "NimbusSans-Regular"
@map font 32 to "NimbusSansNarrow-Bold", "NimbusSansNarrow-Bold"
@map font 33 to "NimbusSansNarrow-BoldOblique", "NimbusSansNarrow-BoldOblique"
@map font 34 to "NimbusSansNarrow-Oblique", "NimbusSansNarrow-Oblique"
@map font 35 to "NimbusSansNarrow-Regular", "NimbusSansNarrow-Regular"
@map font 36 to "P052-Bold", "P052-Bold"
@map font 37 to "P052-BoldItalic", "P052-BoldItalic"
@map font 38 to "P052-Italic", "P052-Italic"
@map font 39 to "P052-Roman", "P052-Roman"
@map font 40 to "StandardSymbolsPS-Regular", "StandardSymbolsPS-Regular"
@map font 12 to "Symbol", "Symbol"
@map font 2 to "Times-Bold", "Times-Bold"
@map font 3 to "Times-BoldItalic", "Times-BoldItalic"
@map font 1 to "Times-Italic", "Times-Italic"
@map font 0 to "Times-Roman", "Times-Roman"
@map font 46 to "URWBookman-Demi", "URWBookman-Demi"
@map font 47 to "URWBookman-DemiItalic", "URWBookman-DemiItalic"
@map font 48 to "URWBookman-Light", "URWBookman-Light"
@map font 49 to "URWBookman-LightItalic", "URWBookman-LightItalic"
@map font 50 to "URWGothic-Book", "URWGothic-Book"
@map font 51 to "URWGothic-BookOblique", "URWGothic-BookOblique"
@map font 52 to "URWGothic-Demi", "URWGothic-Demi"
@map font 53 to "URWGothic-DemiOblique", "URWGothic-DemiOblique"
@map font 54 to "Utopia-Bold", "Utopia-Bold"
@map font 55 to "Utopia-BoldItalic", "Utopia-BoldItalic"
@map font 56 to "Utopia-Italic", "Utopia-Italic"
@map font 57 to "Utopia-Regular", "Utopia-Regular"
@map font 58 to "Z003-MediumItalic", "Z003-MediumItalic"
@map font 13 to "ZapfDingbats", "ZapfDingbats"
@map color 0 to (255, 255, 255), "white"
@map color 1 to (0, 0, 0), "black"
@map color 2 to (255, 0, 0), "red"
@map color 3 to (0, 255, 0), "green"
@map color 4 to (0, 0, 255), "blue"
@map color 5 to (255, 255, 0), "yellow"
@map color 6 to (188, 143, 143), "brown"
@map color 7 to (220, 220, 220), "grey"
@map color 8 to (148, 0, 211), "violet"
@map color 9 to (0, 255, 255), "cyan"
@map color 10 to (255, 0, 255), "magenta"
@map color 11 to (255, 165, 0), "orange"
@map color 12 to (114, 33, 188), "indigo"
@map color 13 to (103, 7, 72), "maroon"
@map color 14 to (64, 224, 208), "turquoise"
@map color 15 to (0, 139, 0), "green4"
@reference date 0
@date wrap off
@date wrap year 1950
@default linewidth 1.0
@default linestyle 1
@default color 1
@default pattern 1
@default font 0
@default char size 1.000000
@default symbol size 1.000000
@default sformat "%.8g"
@background color 0
@page background fill on
@timestamp off
@timestamp 0.03, 0.03
@timestamp color 1
@timestamp rot 0
@timestamp font 0
@timestamp char size 1.000000
@timestamp def "Wed Sep 18 14:22:49 2024"
@r0 off
@link r0 to g0
@r0 type above
@r0 linestyle 1
@r0 linewidth 1.0
@r0 color 1
@r0 line 0, 0, 0, 0
@r1 off
@link r1 to g0
@r1 type above
@r1 linestyle 1
@r1 linewidth 1.0
@r1 color 1
@r1 line 0, 0, 0, 0
@r2 off
@link r2 to g0
@r2 type above
@r2 linestyle 1
@r2 linewidth 1.0
@r2 color 1
@r2 line 0, 0, 0, 0
@r3 off
@link r3 to g0
@r3 type above
@r3 linestyle 1
@r3 linewidth 1.0
@r3 color 1
@r3 line 0, 0, 0, 0
@r4 off
@link r4 to g0
@r4 type above
@r4 linestyle 1
@r4 linewidth 1.0
@r4 color 1
@r4 line 0, 0, 0, 0
@g0 on
@g0 hidden false
@g0 type XY
@g0 stacked false
@g0 bar hgap 0.000000
@g0 fixedpoint off
@g0 fixedpoint type 0
@g0 fixedpoint xy 0.000000, 0.000000
@g0 fixedpoint format general general
@g0 fixedpoint prec 6, 6
@with g0
@    world 0, 0, 20, 20
@    stack world 0, 0, 0, 0
@    znorm 1
@    view 0.150000, 0.150000, 1.150000, 0.850000
@    title ""
@    title font 0
@    title size 1.500000
@    title color 1
@    subtitle ""
@    subtitle font 0
@    subtitle size 1.000000
@    subtitle color 1
@    xaxes scale Normal
@    yaxes scale Normal
@    xaxes invert off
@    yaxes invert off
@    xaxis  on
@    xaxis  type zero false
@    xaxis  offset 0.000000 , 0.000000
@    xaxis  bar on
@    xaxis  bar color 1
@    xaxis  bar linestyle 1
@    xaxis  bar linewidth 1.0
@    xaxis  label "dos(E)"
@    xaxis  label layout para
@    xaxis  label place auto
@    xaxis  label char size 1.000000
@    xaxis  label font 0
@    xaxis  label color 1
@    xaxis  label place normal
@    xaxis  tick on
@    xaxis  tick major 5
@    xaxis  tick minor ticks 1
@    xaxis  tick default 6
@    xaxis  tick place rounded true
@    xaxis  tick in
@    xaxis  tick major size 1.000000
@    xaxis  tick major color 1
@    xaxis  tick major linewidth 1.0
@    xaxis  tick major linestyle 1
@    xaxis  tick major grid off
@    xaxis  tick minor color 1
@    xaxis  tick minor linewidth 1.0
@    xaxis  tick minor linestyle 1
@    xaxis  tick minor grid off
@    xaxis  tick minor size 0.500000
@    xaxis  ticklabel on
@    xaxis  ticklabel format general
@    xaxis  ticklabel prec 5
@    xaxis  ticklabel formula ""
@    xaxis  ticklabel append ""
@    xaxis  ticklabel prepend ""
@    xaxis  ticklabel angle 0
@    xaxis  ticklabel skip 0
@    xaxis  ticklabel stagger 0
@    xaxis  ticklabel place normal
@    xaxis  ticklabel offset auto
@    xaxis  ticklabel offset 0.000000 , 0.010000
@    xaxis  ticklabel start type auto
@    xaxis  ticklabel start 0.000000
@    xaxis  ticklabel stop type auto
@    xaxis  ticklabel stop 0.000000
@    xaxis  ticklabel char size 1.000000
@    xaxis  ticklabel font 0
@    xaxis  ticklabel color 1
@    xaxis  tick place both
@    xaxis  tick spec type none
@    yaxis  on
@    yaxis  type zero false
@    yaxis  offset 0.000000 , 0.000000
@    yaxis  bar on
@    yaxis  bar color 1
@    yaxis  bar linestyle 1
@    yaxis  bar linewidth 1.0
@    yaxis  label "Energy (eV)"
@    yaxis  label layout para
@    yaxis  label place auto
@    yaxis  label char size 1.000000
@    yaxis  label font 0
@    yaxis  label color 1
@    yaxis  label place normal
@    yaxis  tick on
@    yaxis  tick major 5
@    yaxis  tick minor ticks 1
@    yaxis  tick default 6
@    yaxis  tick place rounded true
@    yaxis  tick in
@    yaxis  tick major size 1.000000
@    yaxis  tick major color 1
@    yaxis  tick major linewidth 1.0
@    yaxis  tick major linestyle 1
@    yaxis  tick major grid off
@    yaxis  tick minor color 1
@    yaxis  tick minor linewidth 1.0
@    yaxis  tick minor linestyle 1
@    yaxis  tick minor grid off
@    yaxis  tick minor size 0.500000
@    yaxis  ticklabel on
@    yaxis  ticklabel format general
@    yaxis  ticklabel prec 5
@    yaxis  ticklabel formula ""
@    yaxis  ticklabel append ""
@    yaxis  ticklabel prepend ""
@    yaxis  ticklabel angle 0
@    yaxis  ticklabel skip 0
@    yaxis  ticklabel stagger 0
@    yaxis  ticklabel place normal
@    yaxis  ticklabel offset auto
@    yaxis  ticklabel offset 0.000000 , 0.010000
@    yaxis  ticklabel start type auto
@    yaxis  ticklabel start 0.000000
@    yaxis  ticklabel stop type auto
@    yaxis  ticklabel stop 0.000000
@    yaxis  ticklabel char size 1.000000
@    yaxis  ticklabel font 0
@    yaxis  ticklabel color 1
@    yaxis  tick place both
@    yaxis  tick spec type none
@    altxaxis  off
@    altyaxis  off
@    legend on
@    legend loctype view
@    legend 0.85, 0.8
@    legend box color 1
@    legend box pattern 1
@    legend box linewidth 1.0
@    legend box linestyle 1
@    legend box fill color 0
@    legend box fill pattern 1
@    legend font 0
@    legend char size 1.000000
@    legend color 1
@    legend length 4
@    legend vgap 1
@    legend hgap 1
@    legend invert false
@    frame type 0
@    frame linestyle 1
@    frame linewidth 1.0
@    frame color 1
@    frame pattern 1
@    frame background color 0
@    frame background pattern 0
@    s0 hidden false
@    s0 type xy
@    s0 symbol 0
@    s0 symbol size 1.000000
@    s0 symbol color 2
@    s0 symbol pattern 1
@    s0 symbol fill color 2
@    s0 symbol fill pattern 0
@    s0 symbol linewidth 1.0
@    s0 symbol linestyle 1
@    s0 symbol char 65
@    s0 symbol char font 0
@    s0 symbol skip 0
@    s0 line type 1
@    s0 line linestyle 1
@    s0 line linewidth 2.0
@    s0 line color 2
@    s0 line pattern 1
@    s0 baseline type 0
@    s0 baseline off
@    s0 dropline off
@    s0 fill type 0
@    s0 fill rule 0
@    s0 fill color 1
@    s0 fill pattern 1
@    s0 avalue off
@    s0 avalue type 2
@    s0 avalue char size 1.000000
@    s0 avalue font 0
@    s0 avalue color 1
@    s0 avalue rot 0
@    s0 avalue format general
@    s0 avalue prec 3
@    s0 avalue prepend ""
@    s0 avalue append ""
@    s0 avalue offset 0.000000 , 0.000000
@    s0 errorbar on
@    s0 errorbar place both
@    s0 errorbar color 2
@    s0 errorbar pattern 1
@    s0 errorbar size 1.000000
@    s0 errorbar linewidth 1.0
@    s0 errorbar linestyle 1
@    s0 errorbar riser linewidth 1.0
@    s0 errorbar riser linestyle 1
@    s0 errorbar riser clip off
@    s0 errorbar riser clip length 0.100000
@    s0 comment "cunipt_dos.dat"
@    s0 legend  ""
@target G0.S0
@type xy
-9 6.427e-85
-8.99 6.427e-85
-8.98 6.427e-85
-8.97 6.427e-85
-8.96 6.427e-85
-8.95 6.427e-85
-8.94 6.427e-85
-8.93 6.427e-85
-8.92 6.427e-85
-8.91 6.427e-85
-8.9 6.427e-85
-8.89 6.427e-85
-8.88 6.427e-85
-8.87 6.427e-85
-8.86 6.427e-85
-8.85 6.427e-85
-8.84 6.427e-85
-8.83 6.427e-85
-8.82 6.427e-85
-8.81 6.427e-85
-8.8 6.427e-85
-8.79 6.427e-85
-8.78 6.427e-85
-8.77 6.427e-85
-8.76 6.427e-85
-8.75 6.427e-85
-8.74 6.427e-85
-8.73 6.427e-85
-8.72 6.427e-85
-8.71 6.427e-85
-8.7 6.427e-85
-8.69 6.427e-85
-8.68 6.427e-85
-8.67 6.427e-85
-8.66 6.427e-85
-8.65 6.427e-85
-8.64 6.427e-85
-8.63 6.427e-85
-8.62 6.427e-85
-8.61 6.427e-85
-8.6 6.427e-85
-8.59 6.427e-85
-8.58 6.427e-85
-8.57 6.427e-85
-8.56 6.427e-85
-8.55 6.427e-85
-8.54 6.427e-85
-8.53 6.427e-85
-8.52 6.427e-85
-8.51 6.427e-85
-8.5 6.427e-85
-8.49 6.427e-85
-8.48 6.427e-85
-8.47 6.427e-85
-8.46 6.427e-85
-8.45 6.427e-85
-8.44 6.427e-85
-8.43 6.427e-85
-8.42 6.427e-85
-8.41 6.427e-85
-8.4 6.427e-85
-8.39 6.427e-85
-8.38 6.427e-85
-8.37 6.427e-85
-8.36 6.427e-85
-8.35 6.427e-85
-8.34 6.427e-85
-8.33 6.427e-85
-8.32 6.427e-85
-8.31 6.427e-85
-8.3 6.427e-85
-8.29 6.427e-85
-8.28 6.427e-85
-8.27 6.427e-85
-8.26 6.427e-85
-8.25 6.427e-85
-8.24 6.427e-85
-8.23 6.427e-85
-8.22 6.427e-85
-8.21 6.427e-85
-8.2 6.427e-85
-8.19 6.427e-85
-8.18 6.427e-85
-8.17 6.427e-85
-8.16 6.427e-85
-8.15 6.427e-85
-8.14 6.427e-85
-8.13 6.427e-85
-8.12 6.427e-85
-8.11 6.427e-85
-8.1 6.427e-85
-8.09 6.427e-85
-8.08 6.427e-85
-8.07 6.427e-85
-8.06 6.427e-85
-8.05 6.427e-85
-8.04 6.427e-85
-8.03 6.427e-85
-8.02 6.427e-85
-8.01 6.427e-85
-8 6.427e-85
-7.99 6.427e-85
-7.98 6.427e-85
-7.97 6.427e-85
-7.96 6.427e-85
-7.95 6.427e-85
-7.94 6.427e-85
-7.93 6.427e-85
-7.92 6.427e-85
-7.91 6.427e-85
-7.9 6.427e-85
-7.89 6.427e-85
-7.88 6.427e-85
-7.87 6.427e-85
-7.86 6.427e-85
-7.85 6.427e-85
-7.84 6.427e-85
-7.83 6.427e-85
-7.82 6.427e-85
-7.81 6.427e-85
-7.8 6.427e-85
-7.79 6.427e-85
-7.78 6.427e-85
-7.77 6.427e-85
-7.76 6.427e-85
-7.75 6.427e-85
-7.74 6.427e-85
-7.73 6.427e-85
-7.72 6.427e-85
-7.71 6.427e-85
-7.7 6.427e-85
-7.69 6.427e-85
-7.68 6.427e-85
-7.67 6.427e-85
-7.66 6.427e-85
-7.65 6.427e-85
-7.64 6.427e-85
-7.63 6.427e-85
-7.62 6.427e-85
-7.61 6.427e-85
-7.6 6.427e-85
-7.59 6.427e-85
-7.58 6.427e-85
-7.57 6.427e-85
-7.56 6.427e-85
-7.55 6.427e-85
-7.54 6.427e-85
-7.53 6.427e-85
-7.52 6.427e-85
-7.51 6.427e-85
-7.5 6.427e-85
-7.49 6.427e-85
-7.48 6.427e-85
-7.47 6.427e-85
-7.46 6.427e-85
-7.45 6.427e-85
-7.44 6.427e-85
-7.43 6.427e-85
-7.42 6.427e-85
-7.41 6.427e-85
-7.4 6.427e-85
-7.39 6.427e-85
-7.38 6.427e-85
-7.37 6.427e-85
-7.36 6.427e-85
-7.35 6.427e-85
-7.34 6.427e-85
-7.33 6.427e-85
-7.32 6.427e-85
-7.31 6.427e-85
-7.3 6.427e-85
-7.29 6.427e-85
-7.28 6.427e-85
-7.27 6.427e-85
-7.26 6.427e-85
-7.25 6.427e-85
-7.24 6.427e-85
-7.23 6.427e-85
-7.22 6.427e-85
-7.21 6.427e-85
-7.2 6.427e-85
-7.19 6.427e-85
-7.18 6.427e-85
-7.17 6.427e-85
-7.16 6.427e-85
-7.15 6.427e-85
-7.14 6.427e-85
-7.13 6.427e-85
-7.12 6.427e-85
-7.11 6.427e-85
-7.1 6.427e-85
-7.09 6.427e-85
-7.08 6.427e-85
-7.07 6.427e-85
-7.06 6.427e-85
-7.05 6.427e-85
-7.04 6.427e-85
-7.03 6.427e-85
-7.02 6.427e-85
-7.01 6.427e-85
-7 6.427e-85
-6.99 6.427e-85
-6.98 6.427e-85
-6.97 6.427e-85
-6.96 6.427e-85
-6.95 6.427e-85
-6.94 6.427e-85
-6.93 6.427e-85
-6.92 6.427e-85
-6.91 6.427e-85
-6.9 6.427e-85
-6.89 6.427e-85
-6.88 6.427e-85
-6.87 6.427e-85
-6.86 6.427e-85
-6.85 6.427e-85
-6.84 6.427e-85
-6.83 6.427e-85
-6.82 6.427e-85
-6.81 6.427e-85
-6.8 6.427e-85
-6.79 6.427e-85
-6.78 6.427e-85
-6.77 6.427e-85
-6.76 6.427e-85
-6.75 6.427e-85
-6.74 6.427e-85
-6.73 6.427e-85
-6.72 6.427e-85
-6.71 6.427e-85
-6.7 6.427e-85
-6.69 6.427e-85
-6.68 6.427e-85
-6.67 6.427e-85
-6.66 6.427e-85
-6.65 6.427e-85
-6.64 6.427e-85
-6.63 6.427e-85
-6.62 6.427e-85
-6.61 6.427e-85
-6.6 6.427e-85
-6.59 6.427e-85
-6.58 6.427e-85
-6.57 6.427e-85
-6.56 6.427e-85
-6.55 6.427e-85
-6.54 6.427e-85
-6.53 6.427e-85
-6.52 6.427e-85
-6.51 6.427e-85
-6.5 6.427e-85
-6.49 6.427e-85
-6.48 6.427e-85
-6.47 6.427e-85
-6.46 6.427e-85
-6.45 6.427e-85
-6.44 6.427e-85
-6.43 6.427e-85
-6.42 6.427e-85
-6.41 6.427e-85
-6.4 6.427e-85
-6.39 6.427e-85
-6.38 6.427e-85
-6.37 6.427e-85
-6.36 6.427e-85
-6.35 6.427e-85
-6.34 6.427e-85
-6.33 6.427e-85
-6.32 6.427e-85
-6.31 6.427e-85
-6.3 6.427e-85
-6.29 6.427e-85
-6.28 6.427e-85
-6.27 6.427e-85
-6.26 6.427e-85
-6.25 6.427e-85
-6.24 6.427e-85
-6.23 6.427e-85
-6.22 6.427e-85
-6.21 6.427e-85
-6.2 6.427e-85
-6.19 6.427e-85
-6.18 6.427e-85
-6.17 6.427e-85
-6.16 6.427e-85
-6.15 6.427e-85
-6.14 6.427e-85
-6.13 6.427e-85
-6.12 6.427e-85
-6.11 6.427e-85
-6.1 6.427e-85
-6.09 6.427e-85
-6.08 6.427e-85
-6.07 6.427e-85
-6.06 6.427e-85
-6.05 6.427e-85
-6.04 6.427e-85
-6.03 6.427e-85
-6.02 6.427e-85
-6.01 6.427e-85
-6 6.427e-85
-5.99 6.427e-85
-5.98 6.427e-85
-5.97 6.427e-85
-5.96 6.427e-85
-5.95 6.427e-85
-5.94 6.427e-85
-5.93 6.427e-85
-5.92 6.427e-85
-5.91 6.427e-85
-5.9 6.427e-85
-5.89 6.427e-85
-5.88 6.427e-85
-5.87 6.427e-85
-5.86 6.427e-85
-5.85 6.427e-85
-5.84 6.427e-85
-5.83 6.427e-85
-5.82 6.427e-85
-5.81 6.427e-85
-5.8 6.427e-85
-5.79 6.427e-85
-5.78 6.427e-85
-5.77 6.427e-85
-5.76 6.427e-85
-5.75 6.427e-85
-5.74 6.427e-85
-5.73 6.427e-85
-5.72 6.427e-85
-5.71 6.427e-85
-5.7 6.427e-85
-5.69 6.427e-85
-5.68 6.427e-85
-5.67 6.427e-85
-5.66 6.427e-85
-5.65 6.427e-85
-5.64 6.427e-85
-5.63 6.427e-85
-5.62 6.427e-85
-5.61 6.427e-85
-5.6 6.427e-85
-5.59 6.427e-85
-5.58 6.427e-85
-5.57 6.427e-85
-5.56 6.427e-85
-5.55 6.427e-85
-5.54 6.427e-85
-5.53 6.427e-85
-5.52 6.427e-85
-5.51 6.427e-85
-5.5 6.427e-85
-5.49 6.427e-85
-5.48 6.427e-85
-5.47 6.427e-85
-5.46 6.427e-85
-5.45 6.427e-85
-5.44 6.427e-85
-5.43 6.427e-85
-5.42 6.427e-85
-5.41 6.427e-85
-5.4 6.427e-85
-5.39 6.427e-85
-5.38 6.427e-85
-5.37 6.427e-85
-5.36 6.427e-85
-5.35 6.427e-85
-5.34 6.427e-85
-5.33 6.427e-85
-5.32 6.427e-85
-5.31 6.427e-85
-5.3 6.427e-85
-5.29 6.427e-85
-5.28 6.427e-85
-5.27 6.427e-85
-5.26 6.427e-85
-5.25 6.427e-85
-5.24 6.427e-85
-5.23 6.427e-85
-5.22 6.427e-85
-5.21 6.427e-85
-5.2 6.427e-85
-5.19 6.427e-85
-5.18 6.427e-85
-5.17 6.427e-85
-5.16 6.427e-85
-5.15 6.427e-85
-5.14 6.427e-85
-5.13 6.427e-85
-5.12 6.427e-85
-5.11 6.427e-85
-5.1 6.427e-85
-5.09 6.427e-85
-5.08 6.427e-85
-5.07 6.427e-85
-5.06 6.427e-85
-5.05 6.427e-85
-5.04 6.427e-85
-5.03 6.427e-85
-5.02 6.427e-85
-5.01 6.427e-85
-5 6.427e-85
-4.99 6.427e-85
-4.98 6.427e-85
-4.97 6.427e-85
-4.96 6.427e-85
-4.95 6.427e-85
-4.94 6.427e-85
-4.93 6.427e-85
-4.92 6.427e-85
-4.91 6.427e-85
-4.9 6.427e-85
-4.89 6.427e-85
-4.88 6.427e-85
-4.87 6.427e-85
-4.86 6.427e-85
-4.85 6.427e-85
-4.84 6.427e-85
-4.83 6.427e-85
-4.82 6.427e-85
-4.81 6.427e-85
-4.8 6.427e-85
-4.79 6.427e-85
-4.78 6.427e-85
-4.77 6.427e-85
-4.76 6.427e-85
-4.75 6.427e-85
-4.74 6.427e-85
-4.73 6.427e-85
-4.72 6.427e-85
-4.71 6.427e-85
-4.7 6.427e-85
-4.69 6.427e-85
-4.68 6.427e-85
-4.67 6.427e-85
-4.66 6.427e-85
-4.65 6.427e-85
-4.64 6.427e-85
-4.63 6.427e-85
-4.62 6.427e-85
-4.61 6.427e-85
-4.6 6.427e-85
-4.59 6.427e-85
-4.58 6.427e-85
-4.57 6.427e-85
-4.56 6.427e-85
-4.55 6.427e-85
-4.54 6.427e-85
-4.53 6.427e-85
-4.52 6.427e-85
-4.51 6.427e-85
-4.5 6.427e-85
-4.49 6.427e-85
-4.48 6.427e-85
-4.47 6.427e-85
-4.46 6.427e-85
-4.45 6.427e-85
-4.44 6.427e-85
-4.43 6.427e-85
-4.42 6.427e-85
-4.41 6.427e-85
-4.4 6.427e-85
-4.39 6.427e-85
-4.38 6.427e-85
-4.37 6.427e-85
-4.36 6.427e-85
-4.35 6.427e-85
-4.34 6.427e-85
-4.33 6.427e-85
-4.32 6.427e-85
-4.31 6.427e-85
-4.3 6.427e-85
-4.29 6.427e-85
-4.28 6.427e-85
-4.27 6.427e-85
-4.26 6.427e-85
-4.25 6.427e-85
-4.24 6.427e-85
-4.23 6.427e-85
-4.22 6.427e-85
-4.21 6.427e-85
-4.2 6.427e-85
-4.19 6.427e-85
-4.18 6.427e-85
-4.17 6.427e-85
-4.16 6.427e-85
-4.15 6.427e-85
-4.14 6.427e-85
-4.13 6.427e-85
-4.12 6.427e-85
-4.11 6.427e-85
-4.1 6.427e-85
-4.09 6.427e-85
-4.08 6.427e-85
-4.07 6.427e-85
-4.06 6.427e-85
-4.05 6.427e-85
-4.04 6.427e-85
-4.03 6.427e-85
-4.02 6.427e-85
-4.01 6.427e-85
-4 6.427e-85
-3.99 6.427e-85
-3.98 6.427e-85
-3.97 6.427e-85
-3.96 6.427e-85
-3.95 6.427e-85
-3.94 6.427e-85
-3.93 6.427e-85
-3.92 6.427e-85
-3.91 6.427e-85
-3.9 6.427e-85
-3.89 6.427e-85
-3.88 6.427e-85
-3.87 6.427e-85
-3.86 6.427e-85
-3.85 6.427e-85
-3.84 6.427e-85
-3.83 6.427e-85
-3.82 6.427e-85
-3.81 6.427e-85
-3.8 6.427e-85
-3.79 6.427e-85
-3.78 6.427e-85
-3.77 6.427e-85
-3.76 6.427e-85
-3.75 6.427e-85
-3.74 6.427e-85
-3.73 6.427e-85
-3.72 6.427e-85
-3.71 6.427e-85
-3.7 6.427e-85
-3.69 6.427e-85
-3.68 6.427e-85
-3.67 6.427e-85
-3.66 6.427e-85
-3.65 6.427e-85
-3.64 6.427e-85
-3.63 6.427e-85
-3.62 6.427e-85
-3.61 6.427e-85
-3.6 6.427e-85
-3.59 6.427e-85
-3.58 6.427e-85
-3.57 6.427e-85
-3.56 6.427e-85
-3.55 6.427e-85
-3.54 6.427e-85
-3.53 6.427e-85
-3.52 6.427e-85
-3.51 6.427e-85
-3.5 6.427e-85
-3.49 6.427e-85
-3.48 6.427e-85
-3.47 6.427e-85
-3.46 6.427e-85
-3.45 6.427e-85
-3.44 6.427e-85
-3.43 6.427e-85
-3.42 6.427e-85
-3.41 6.427e-85
-3.4 6.427e-85
-3.39 6.427e-85
-3.38 6.427e-85
-3.37 6.427e-85
-3.36 6.427e-85
-3.35 6.427e-85
-3.34 6.427e-85
-3.33 6.427e-85
-3.32 6.427e-85
-3.31 6.427e-85
-3.3 6.427e-85
-3.29 6.427e-85
-3.28 6.427e-85
-3.27 6.427e-85
-3.26 6.427e-85
-3.25 6.427e-85
-3.24 6.427e-85
-3.23 6.427e-85
-3.22 6.427e-85
-3.21 6.427e-85
-3.2 6.427e-85
-3.19 6.427e-85
-3.18 6.427e-85
-3.17 6.427e-85
-3.16 6.427e-85
-3.15 6.427e-85
-3.14 6.427e-85
-3.13 6.427e-85
-3.12 6.427e-85
-3.11 6.427e-85
-3.1 6.427e-85
-3.09 6.427e-85
-3.08 6.427e-85
-3.07 6.427e-85
-3.06 6.427e-85
-3.05 6.427e-85
-3.04 6.427e-85
-3.03 6.427e-85
-3.02 6.427e-85
-3.01 6.427e-85
-3 6.427e-85
-2.99 6.427e-85
-2.98 6.427e-85
-2.97 6.427e-85
-2.96 6.427e-85
-2.95 6.427e-85
-2.94 6.427e-85
-2.93 6.427e-85
-2.92 6.427e-85
-2.91 6.427e-85
-2.9 6.427e-85
-2.89 6.427e-85
-2.88 6.427e-85
-2.87 6.427e-85
-2.86 6.427e-85
-2.85 6.427e-85
-2.84 6.427e-85
-2.83 6.427e-85
-2.82 6.427e-85
-2.81 6.427e-85
-2.8 6.427e-85
-2.79 6.427e-85
-2.78 6.427e-85
-2.77 6.427e-85
-2.76 6.427e-85
-2.75 6.427e-85
-2.74 6.427e-85
-2.73 6.427e-85
-2.72 6.427e-85
-2.71 6.427e-85
-2.7 6.427e-85
-2.69 6.427e-85
-2.68 6.427e-85
-2.67 6.427e-85
-2.66 6.427e-85
-2.65 6.427e-85
-2.64 6.427e-85
-2.63 6.427e-85
-2.62 6.427e-85
-2.61 6.427e-85
-2.6 6.427e-85
-2.59 6.427e-85
-2.58 6.427e-85
-2.57 6.427e-85
-2.56 6.427e-85
-2.55 6.427e-85
-2.54 6.427e-85
-2.53 6.427e-85
-2.52 6.427e-85
-2.51 6.427e-85
-2.5 6.427e-85
-2.49 6.427e-85
-2.48 6.427e-85
-2.47 6.427e-85
-2.46 6.427e-85
-2.45 6.427e-85
-2.44 6.427e-85
-2.43 6.427e-85
-2.42 6.427e-85
-2.41 6.427e-85
-2.4 6.427e-85
-2.39 6.427e-85
-2.38 6.427e-85
-2.37 6.427e-85
-2.36 6.427e-85
-2.35 6.427e-85
-2.34 6.427e-85
-2.33 6.427e-85
-2.32 6.427e-85
-2.31 6.427e-85
-2.3 6.427e-85
-2.29 6.427e-85
-2.28 6.427e-85
-2.27 6.427e-85
-2.26 6.427e-85
-2.25 6.427e-85
-2.24 6.427e-85
-2.23 6.427e-85
-2.22 6.427e-85
-2.21 6.427e-85
-2.2 6.427e-85
-2.19 6.427e-85
-2.18 6.427e-85
-2.17 6.427e-85
-2.16 6.427e-85
-2.15 6.427e-85
-2.14 6.427e-85
-2.13 6.427e-85
-2.12 6.427e-85
-2.11 6.427e-85
-2.1 6.427e-85
-2.09 6.427e-85
-2.08 6.427e-85
-2.07 6.427e-85
-2.06 6.427e-85
-2.05 6.427e-85
-2.04 6.427e-85
-2.03 6.427e-85
-2.02 6.427e-85
-2.01 6.427e-85
-2 6.427e-85
-1.99 6.427e-85
-1.98 6.427e-85
-1.97 6.427e-85
-1.96 6.427e-85
-1.95 6.427e-85
-1.94 6.427e-85
-1.93 6.427e-85
-1.92 6.427e-85
-1.91 6.427e-85
-1.9 6.427e-85
-1.89 6.427e-85
-1.88 6.427e-85
-1.87 6.427e-85
-1.86 6.427e-85
-1.85 6.427e-85
-1.84 6.427e-85
-1.83 6.427e-85
-1.82 6.427e-85
-1.81 6.427e-85
-1.8 6.427e-85
-1.79 6.427e-85
-1.78 6.427e-85
-1.77 6.427e-85
-1.76 6.427e-85
-1.75 6.427e-85
-1.74 6.427e-85
-1.73 6.427e-85
-1.72 6.427e-85
-1.71 6.427e-85
-1.7 6.427e-85
-1.69 6.427e-85
-1.68 6.427e-85
-1.67 6.427e-85
-1.66 6.427e-85
-1.65 6.427e-85
-1.64 6.427e-85
-1.63 6.427e-85
-1.62 6.427e-85
-1.61 6.427e-85
-1.6 6.427e-85
-1.59 6.427e-85
-1.58 6.427e-85
-1.57 6.427e-85
-1.56 6.427e-85
-1.55 6.427e-85
-1.54 6.427e-85
-1.53 6.427e-85
-1.52 6.427e-85
-1.51 6.427e-85
-1.5 6.427e-85
-1.49 6.427e-85
-1.48 6.427e-85
-1.47 6.427e-85
-1.46 6.427e-85
-1.45 6.427e-85
-1.44 6.427e-85
-1.43 6.427e-85
-1.42 6.427e-85
-1.41 6.427e-85
-1.4 6.427e-85
-1.39 6.427e-85
-1.38 6.427e-85
-1.37 6.427e-85
-1.36 6.427e-85
-1.35 6.427e-85
-1.34 6.427e-85
-1.33 6.427e-85
-1.32 6.427e-85
-1.31 6.427e-85
-1.3 6.427e-85
-1.29 6.427e-85
-1.28 6.427e-85
-1.27 6.427e-85
-1.26 6.427e-85
-1.25 6.427e-85
-1.24 6.427e-85
-1.23 6.427e-85
-1.22 6.427e-85
-1.21 6.427e-85
-1.2 6.427e-85
-1.19 6.427e-85
-1.18 6.427e-85
-1.17 6.427e-85
-1.16 6.427e-85
-1.15 6.427e-85
-1.14 6.427e-85
-1.13 6.427e-85
-1.12 6.427e-85
-1.11 6.427e-85
-1.1 6.427e-85
-1.09 6.427e-85
-1.08 6.427e-85
-1.07 6.427e-85
-1.06 6.427e-85
-1.05 6.427e-85
-1.04 6.427e-85
-1.03 6.427e-85
-1.02 6.427e-85
-1.01 6.427e-85
-1 6.427e-85
-0.99 6.427e-85
-0.98 6.427e-85
-0.97 6.427e-85
-0.96 6.427e-85
-0.95 6.427e-85
-0.94 6.427e-85
-0.93 6.427e-85
-0.92 6.427e-85
-0.91 6.427e-85
-0.9 6.427e-85
-0.89 6.427e-85
-0.88 6.427e-85
-0.87 6.427e-85
-0.86 6.427e-85
-0.85 6.427e-85
-0.84 6.427e-85
-0.83 6.427e-85
-0.82 6.427e-85
-0.81 6.427e-85
-0.8 6.427e-85
-0.79 6.427e-85
-0.78 6.427e-85
-0.77 6.427e-85
-0.76 6.427e-85
-0.75 6.427e-85
-0.74 6.427e-85
-0.73 6.427e-85
-0.72 6.427e-85
-0.71 6.427e-85
-0.7 6.427e-85
-0.69 6.427e-85
-0.68 6.427e-85
-0.67 6.427e-85
-0.66 6.427e-85
-0.65 6.427e-85
-0.64 6.427e-85
-0.63 6.427e-85
-0.62 6.427e-85
-0.61 6.427e-85
-0.6 6.427e-85
-0.59 6.427e-85
-0.58 6.427e-85
-0.57 6.427e-85
-0.56 6.427e-85
-0.55 6.427e-85
-0.54 6.427e-85
-0.53 6.427e-85
-0.52 6.427e-85
-0.51 6.427e-85
-0.5 6.427e-85
-0.49 6.427e-85
-0.48 6.427e-85
-0.47 6.427e-85
-0.46 6.427e-85
-0.45 6.427e-85
-0.44 6.427e-85
-0.43 6.427e-85
-0.42 6.427e-85
-0.41 6.427e-85
-0.4 6.427e-85
-0.39 6.427e-85
-0.38 6.427e-85
-0.37 6.427e-85
-0.36 6.427e-85
-0.35 6.427e-85
-0.34 6.427e-85
-0.33 6.427e-85
-0.32 6.427e-85
-0.31 6.427e-85
-0.3 6.427e-85
-0.29 6.427e-85
-0.28 6.427e-85
-0.27 6.427e-85
-0.26 6.427e-85
-0.25 6.427e-85
-0.24 6.427e-85
-0.23 6.427e-85
-0.22 6.427e-85
-0.21 6.427e-85
-0.2 6.427e-85
-0.19 6.427e-85
-0.18 6.427e-85
-0.17 6.427e-85
-0.16 6.427e-85
-0.15 6.427e-85
-0.14 6.427e-85
-0.13 6.427e-85
-0.12 6.427e-85
-0.11 6.427e-85
-0.1 6.427e-85
-0.09 6.427e-85
-0.08 6.427e-85
-0.07 6.427e-85
-0.06 6.427e-85
-0.05 6.427e-85
-0.04 6.427e-85
-0.03 6.427e-85
-0.02 6.427e-85
-0.01 6.427e-85
-0 6.427e-85
0.01 6.427e-85
0.02 6.427e-85
0.03 6.427e-85
0.04 6.427e-85
0.05 6.427e-85
0.06 6.427e-85
0.07 6.427e-85
0.08 6.427e-85
0.09 6.427e-85
0.1 6.427e-85
0.11 6.427e-85
0.12 6.427e-85
0.13 6.427e-85
0.14 6.427e-85
0.15 6.427e-85
0.16 6.427e-85
0.17 6.427e-85
0.18 6.427e-85
0.19 6.427e-85
0.2 6.427e-85
0.21 6.427e-85
0.22 6.427e-85
0.23 6.427e-85
0.24 6.427e-85
0.25 6.427e-85
0.26 6.427e-85
0.27 6.427e-85
0.28 6.427e-85
0.29 6.427e-85
0.3 6.427e-85
0.31 6.427e-85
0.32 6.427e-85
0.33 6.427e-85
0.34 6.427e-85
0.35 6.427e-85
0.36 6.427e-85
0.37 6.427e-85
0.38 6.427e-85
0.39 6.427e-85
0.4 6.427e-85
0.41 6.427e-85
0.42 6.427e-85
0.43 6.427e-85
0.44 6.427e-85
0.45 6.427e-85
0.46 6.427e-85
0.47 6.427e-85
0.48 6.427e-85
0.49 6.427e-85
0.5 6.427e-85
0.51 6.427e-85
0.52 6.427e-85
0.53 6.427e-85
0.54 6.427e-85
0.55 6.427e-85
0.56 6.427e-85
0.57 6.427e-85
0.58 6.427e-85
0.59 6.427e-85
0.6 6.427e-85
0.61 6.427e-85
0.62 6.427e-85
0.63 6.427e-85
0.64 6.427e-85
0.65 6.427e-85
0.66 6.427e-85
0.67 6.427e-85
0.68 6.427e-85
0.69 6.427e-85
0.7 6.427e-85
0.71 6.427e-85
0.72 6.427e-85
0.73 6.427e-85
0.74 6.427e-85
0.75 6.427e-85
0.76 6.427e-85
0.77 6.427e-85
0.78 6.427e-85
0.79 6.427e-85
0.8 6.427e-85
0.81 6.427e-85
0.82 6.427e-85
0.83 6.427e-85
0.84 6.427e-85
0.85 6.427e-85
0.86 6.427e-85
0.87 6.427e-85
0.88 6.427e-85
0.89 6.427e-85
0.9 6.427e-85
0.91 6.427e-85
0.92 6.427e-85
0.93 6.427e-85
0.94 6.427e-85
0.95 6.427e-85
0.96 6.427e-85
0.97 6.427e-85
0.98 6.427e-85
0.99 6.427e-85
1 6.427e-85
1.01 6.427e-85
1.02 6.427e-85
1.03 6.427e-85
1.04 6.427e-85
1.05 6.427e-85
1.06 6.427e-85
1.07 6.427e-85
1.08 6.427e-85
1.09 6.427e-85
1.1 6.427e-85
1.11 6.427e-85
1.12 6.427e-85
1.13 6.427e-85
1.14 6.427e-85
1.15 6.427e-85
1.16 6.427e-85
1.17 6.427e-85
1.18 6.427e-85
1.19 6.427e-85
1.2 6.427e-85
1.21 6.427e-85
1.22 6.427e-85
1.23 6.427e-85
1.24 6.427e-85
1.25 6.427e-85
1.26 6.427e-85
1.27 6.427e-85
1.28 6.427e-85
1.29 6.427e-85
1.3 6.427e-85
1.31 6.427e-85
1.32 6.427e-85
1.33 6.427e-85
1.34 6.427e-85
1.35 6.427e-85
1.36 6.427e-85
1.37 6.427e-85
1.38 6.427e-85
1.39 6.427e-85
1.4 6.427e-85
1.41 6.427e-85
1.42 6.427e-85
1.43 6.427e-85
1.44 6.427e-85
1.45 6.427e-85
1.46 6.427e-85
1.47 6.427e-85
1.48 6.427e-85
1.49 6.427e-85
1.5 6.427e-85
1.51 6.427e-85
1.52 6.427e-85
1.53 6.427e-85
1.54 6.427e-85
1.55 6.427e-85
1.56 6.427e-85
1.57 6.427e-85
1.58 6.427e-85
1.59 6.427e-85
1.6 6.427e-85
1.61 6.427e-85
1.62 6.427e-85
1.63 6.427e-85
1.64 6.427e-85
1.65 6.427e-85
1.66 6.427e-85
1.67 6.427e-85
1.68 6.427e-85
1.69 6.427e-85
1.7 6.427e-85
1.71 6.427e-85
1.72 6.427e-85
1.73 6.427e-85
1.74 6.427e-85
1.75 6.427e-85
1.76 6.427e-85
1.77 6.427e-85
1.78 6.427e-85
1.79 6.427e-85
1.8 6.427e-85
1.81 6.427e-85
1.82 6.427e-85
1.83 6.427e-85
1.84 6.427e-85
1.85 6.427e-85
1.86 6.427e-85
1.87 6.427e-85
1.88 6.427e-85
1.89 6.427e-85
1.9 6.427e-85
1.91 6.427e-85
1.92 6.427e-85
1.93 6.427e-85
1.94 6.427e-85
1.95 6.427e-85
1.96 6.427e-85
1.97 6.427e-85
1.98 6.427e-85
1.99 6.427e-85
2 6.427e-85
2.01 6.427e-85
2.02 6.427e-85
2.03 6.427e-85
2.04 6.427e-85
2.05 6.427e-85
2.06 6.427e-85
2.07 6.427e-85
2.08 6.427e-85
2.09 6.427e-85
2.1 6.427e-85
2.11 6.427e-85
2.12 6.427e-85
2.13 6.427e-85
2.14 6.427e-85
2.15 6.427e-85
2.16 6.427e-85
2.17 6.427e-85
2.18 6.427e-85
2.19 6.427e-85
2.2 6.427e-85
2.21 6.427e-85
2.22 6.427e-85
2.23 6.427e-85
2.24 6.427e-85
2.25 6.427e-85
2.26 6.427e-85
2.27 6.427e-85
2.28 6.427e-85
2.29 6.427e-85
2.3 6.427e-85
2.31 6.427e-85
2.32 6.427e-85
2.33 6.427e-85
2.34 6.427e-85
2.35 6.427e-85
2.36 6.427e-85
2.37 6.427e-85
2.38 6.427e-85
2.39 6.427e-85
2.4 6.427e-85
2.41 6.427e-85
2.42 6.427e-85
2.43 6.427e-85
2.44 6.427e-85
2.45 6.427e-85
2.46 6.427e-85
2.47 6.427e-85
2.48 6.427e-85
2.49 6.427e-85
2.5 6.427e-85
2.51 6.427e-85
2.52 6.427e-85
2.53 6.427e-85
2.54 6.427e-85
2.55 6.427e-85
2.56 6.427e-85
2.57 6.427e-85
2.58 6.427e-85
2.59 6.427e-85
2.6 6.427e-85
2.61 6.427e-85
2.62 6.427e-85
2.63 6.427e-85
2.64 6.427e-85
2.65 6.427e-85
2.66 6.427e-85
2.67 6.427e-85
2.68 6.427e-85
2.69 6.427e-85
2.7 6.427e-85
2.71 6.427e-85
2.72 6.427e-85
2.73 6.427e-85
2.74 6.427e-85
2.75 6.427e-85
2.76 6.427e-85
2.77 6.427e-85
2.78 6.428e-85
2.79 6.465e-85
2.8 8.689e-85
2.81 1.341e-83
2.82 6.911e-82
2.83 3.576e-80
2.84 1.774e-78
2.85 8.424e-77
2.86 3.832e-75
2.87 1.669e-73
2.88 6.966e-72
2.89 2.783e-70
2.9 1.065e-68
2.91 3.904e-67
2.92 1.37e-65
2.93 4.606e-64
2.94 1.483e-62
2.95 4.572e-61
2.96 1.35e-59
2.97 3.817e-58
2.98 1.034e-56
2.99 2.682e-55
3 6.661e-54
3.01 1.585e-52
3.02 3.61e-51
3.03 7.878e-50
3.04 1.646e-48
3.05 3.294e-47
3.06 6.314e-46
3.07 1.159e-44
3.08 2.038e-43
3.09 3.43e-42
3.1 5.531e-41
3.11 8.541e-40
3.12 1.263e-38
3.13 1.789e-37
3.14 2.427e-36
3.15 3.152e-35
3.16 3.922e-34
3.17 4.673e-33
3.18 5.332e-32
3.19 5.827e-31
3.2 6.098e-30
3.21 6.113e-29
3.22 5.868e-28
3.23 5.394e-27
3.24 4.75e-26
3.25 4.005e-25
3.26 3.234e-24
3.27 2.501e-23
3.28 1.853e-22
3.29 1.314e-21
3.3 8.928e-21
3.31 5.809e-20
3.32 3.619e-19
3.33 2.16e-18
3.34 1.234e-17
3.35 6.756e-17
3.36 3.541e-16
3.37 1.778e-15
3.38 8.547e-15
3.39 3.936e-14
3.4 1.735e-13
3.41 7.329e-13
3.42 2.964e-12
3.43 1.148e-11
3.44 4.26e-11
3.45 1.513e-10
3.46 5.149e-10
3.47 1.678e-09
3.48 5.236e-09
3.49 1.565e-08
3.5 4.48e-08
3.51 1.228e-07
3.52 3.224e-07
3.53 8.106e-07
3.54 1.952e-06
3.55 4.502e-06
3.56 9.943e-06
3.57 2.103e-05
3.58 4.262e-05
3.59 8.271e-05
3.6 0.0001537
3.61 0.0002738
3.62 0.0004672
3.63 0.000764
3.64 0.001198
3.65 0.001803
3.66 0.002605
3.67 0.003622
3.68 0.004856
3.69 0.006304
3.7 0.007965
3.71 0.009864
3.72 0.01209
3.73 0.01479
3.74 0.01824
3.75 0.02277
3.76 0.02876
3.77 0.03653
3.78 0.04627
3.79 0.05791
3.8 0.07105
3.81 0.08494
3.82 0.09853
3.83 0.1106
3.84 0.12
3.85 0.1256
3.86 0.127
3.87 0.124
3.88 0.1172
3.89 0.1077
3.9 0.09685
3.91 0.08626
3.92 0.07749
3.93 0.07181
3.94 0.07008
3.95 0.07261
3.96 0.0791
3.97 0.08876
3.98 0.1005
3.99 0.1129
4 0.1252
4.01 0.1367
4.02 0.1474
4.03 0.1582
4.04 0.1701
4.05 0.1844
4.06 0.2019
4.07 0.2224
4.08 0.2449
4.09 0.2673
4.1 0.2867
4.11 0.3003
4.12 0.3055
4.13 0.3008
4.14 0.286
4.15 0.2624
4.16 0.2322
4.17 0.1985
4.18 0.1643
4.19 0.1326
4.2 0.1055
4.21 0.08426
4.22 0.06955
4.23 0.0612
4.24 0.05858
4.25 0.06086
4.26 0.06724
4.27 0.07716
4.28 0.09044
4.29 0.1073
4.3 0.1284
4.31 0.1544
4.32 0.1856
4.33 0.2221
4.34 0.2625
4.35 0.305
4.36 0.3465
4.37 0.3833
4.38 0.4119
4.39 0.4291
4.4 0.4331
4.41 0.4236
4.42 0.4021
4.43 0.3715
4.44 0.336
4.45 0.3003
4.46 0.2687
4.47 0.2446
4.48 0.2299
4.49 0.225
4.5 0.2283
4.51 0.2375
4.52 0.2494
4.53 0.2612
4.54 0.2708
4.55 0.2774
4.56 0.2815
4.57 0.2844
4.58 0.2879
4.59 0.2932
4.6 0.3008
4.61 0.3099
4.62 0.3185
4.63 0.3242
4.64 0.3241
4.65 0.3165
4.66 0.3005
4.67 0.2769
4.68 0.2479
4.69 0.2163
4.7 0.1855
4.71 0.1587
4.72 0.1382
4.73 0.1254
4.74 0.1205
4.75 0.1232
4.76 0.1328
4.77 0.1485
4.78 0.1701
4.79 0.1982
4.8 0.2339
4.81 0.2785
4.82 0.3328
4.83 0.3964
4.84 0.467
4.85 0.54
4.86 0.6091
4.87 0.6671
4.88 0.7068
4.89 0.7231
4.9 0.7134
4.91 0.6786
4.92 0.6229
4.93 0.5526
4.94 0.4757
4.95 0.3998
4.96 0.3319
4.97 0.2771
4.98 0.2389
4.99 0.2189
5 0.217
5.01 0.2315
5.02 0.2597
5.03 0.2978
5.04 0.3413
5.05 0.3855
5.06 0.4259
5.07 0.459
5.08 0.4823
5.09 0.495
5.1 0.4978
5.11 0.4922
5.12 0.4804
5.13 0.4646
5.14 0.4461
5.15 0.4257
5.16 0.4034
5.17 0.3788
5.18 0.3515
5.19 0.3217
5.2 0.2899
5.21 0.2579
5.22 0.2276
5.23 0.2016
5.24 0.1825
5.25 0.1726
5.26 0.1733
5.27 0.1856
5.28 0.2092
5.29 0.2429
5.3 0.285
5.31 0.3329
5.32 0.3842
5.33 0.4367
5.34 0.4887
5.35 0.5392
5.36 0.5881
5.37 0.6355
5.38 0.6818
5.39 0.7272
5.4 0.7712
5.41 0.8124
5.42 0.8483
5.43 0.8757
5.44 0.8908
5.45 0.8905
5.46 0.8726
5.47 0.8369
5.48 0.7855
5.49 0.723
5.5 0.6556
5.51 0.5906
5.52 0.535
5.53 0.4943
5.54 0.4714
5.55 0.4663
5.56 0.476
5.57 0.4957
5.58 0.519
5.59 0.5401
5.6 0.5544
5.61 0.5593
5.62 0.5547
5.63 0.5422
5.64 0.5247
5.65 0.5054
5.66 0.4872
5.67 0.4721
5.68 0.461
5.69 0.4537
5.7 0.4492
5.71 0.4459
5.72 0.4419
5.73 0.4356
5.74 0.4262
5.75 0.4135
5.76 0.3989
5.77 0.3848
5.78 0.3748
5.79 0.3728
5.8 0.3827
5.81 0.408
5.82 0.4508
5.83 0.5121
5.84 0.5914
5.85 0.6867
5.86 0.7947
5.87 0.911
5.88 1.031
5.89 1.148
5.9 1.257
5.91 1.353
5.92 1.431
5.93 1.487
5.94 1.518
5.95 1.521
5.96 1.496
5.97 1.444
5.98 1.369
5.99 1.275
6 1.169
6.01 1.058
6.02 0.9513
6.03 0.8561
6.04 0.7786
6.05 0.7236
6.06 0.693
6.07 0.6868
6.08 0.7022
6.09 0.7344
6.1 0.7774
6.11 0.8244
6.12 0.869
6.13 0.9063
6.14 0.9328
6.15 0.9471
6.16 0.9492
6.17 0.9403
6.18 0.9222
6.19 0.8967
6.2 0.8657
6.21 0.8314
6.22 0.7963
6.23 0.7639
6.24 0.7385
6.25 0.7247
6.26 0.7269
6.27 0.7483
6.28 0.79
6.29 0.8505
6.3 0.926
6.31 1.011
6.32 1.098
6.33 1.181
6.34 1.257
6.35 1.322
6.36 1.376
6.37 1.421
6.38 1.456
6.39 1.483
6.4 1.498
6.41 1.499
6.42 1.481
6.43 1.44
6.44 1.377
6.45 1.296
6.46 1.202
6.47 1.105
6.48 1.015
6.49 0.9412
6.5 0.8876
6.51 0.8548
6.52 0.8387
6.53 0.8326
6.54 0.8286
6.55 0.8204
6.56 0.8046
6.57 0.7817
6.58 0.756
6.59 0.7339
6.6 0.723
6.61 0.73
6.62 0.7597
6.63 0.8144
6.64 0.8945
6.65 0.9981
6.66 1.122
6.67 1.264
6.68 1.418
6.69 1.581
6.7 1.745
6.71 1.906
6.72 2.057
6.73 2.19
6.74 2.301
6.75 2.385
6.76 2.441
6.77 2.468
6.78 2.468
6.79 2.444
6.8 2.401
6.81 2.342
6.82 2.273
6.83 2.199
6.84 2.125
6.85 2.054
6.86 1.992
6.87 1.938
6.88 1.893
6.89 1.855
6.9 1.821
6.91 1.788
6.92 1.754
6.93 1.719
6.94 1.684
6.95 1.654
6.96 1.637
6.97 1.641
6.98 1.674
6.99 1.743
7 1.851
7.01 1.996
7.02 2.171
7.03 2.362
7.04 2.555
7.05 2.73
7.06 2.875
7.07 2.98
7.08 3.042
7.09 3.067
7.1 3.068
7.11 3.063
7.12 3.071
7.13 3.106
7.14 3.178
7.15 3.289
7.16 3.434
7.17 3.598
7.18 3.766
7.19 3.92
7.2 4.047
7.21 4.136
7.22 4.183
7.23 4.188
7.24 4.157
7.25 4.098
7.26 4.02
7.27 3.935
7.28 3.856
7.29 3.794
7.3 3.757
7.31 3.752
7.32 3.78
7.33 3.836
7.34 3.915
7.35 4.004
7.36 4.092
7.37 4.172
7.38 4.237
7.39 4.287
7.4 4.33
7.41 4.375
7.42 4.437
7.43 4.527
7.44 4.657
7.45 4.832
7.46 5.05
7.47 5.304
7.48 5.582
7.49 5.874
7.5 6.175
7.51 6.486
7.52 6.822
7.53 7.206
7.54 7.667
7.55 8.235
7.56 8.932
7.57 9.767
7.58 10.73
7.59 11.8
7.6 12.94
7.61 14.09
7.62 15.18
7.63 16.18
7.64 17.01
7.65 17.65
7.66 18.07
7.67 18.26
7.68 18.23
7.69 18
7.7 17.63
7.71 17.16
7.72 16.65
7.73 16.15
7.74 15.71
7.75 15.38
7.76 15.17
7.77 15.09
7.78 15.12
7.79 15.24
7.8 15.41
7.81 15.55
7.82 15.63
7.83 15.59
7.84 15.39
7.85 15.01
7.86 14.43
7.87 13.69
7.88 12.8
7.89 11.81
7.9 10.76
7.91 9.698
7.92 8.658
7.93 7.669
7.94 6.753
7.95 5.924
7.96 5.191
7.97 4.557
7.98 4.023
7.99 3.586
8 3.242
8.01 2.981
8.02 2.795
8.03 2.67
8.04 2.592
8.05 2.547
8.06 2.52
8.07 2.502
8.08 2.485
8.09 2.467
8.1 2.452
8.11 2.444
8.12 2.45
8.13 2.474
8.14 2.517
8.15 2.573
8.16 2.636
8.17 2.694
8.18 2.737
8.19 2.757
8.2 2.752
8.21 2.724
8.22 2.682
8.23 2.636
8.24 2.598
8.25 2.577
8.26 2.578
8.27 2.601
8.28 2.64
8.29 2.686
8.3 2.726
8.31 2.747
8.32 2.741
8.33 2.699
8.34 2.62
8.35 2.507
8.36 2.367
8.37 2.213
8.38 2.059
8.39 1.92
8.4 1.812
8.41 1.746
8.42 1.728
8.43 1.76
8.44 1.837
8.45 1.953
8.46 2.094
8.47 2.247
8.48 2.398
8.49 2.535
8.5 2.648
8.51 2.731
8.52 2.785
8.53 2.812
8.54 2.819
8.55 2.813
8.56 2.801
8.57 2.786
8.58 2.769
8.59 2.748
8.6 2.723
8.61 2.692
8.62 2.66
8.63 2.632
8.64 2.617
8.65 2.625
8.66 2.662
8.67 2.734
8.68 2.836
8.69 2.962
8.7 3.101
8.71 3.24
8.72 3.364
8.73 3.466
8.74 3.541
8.75 3.589
8.76 3.618
8.77 3.639
8.78 3.666
8.79 3.713
8.8 3.795
8.81 3.922
8.82 4.098
8.83 4.323
8.84 4.589
8.85 4.88
8.86 5.175
8.87 5.449
8.88 5.675
8.89 5.834
8.9 5.912
8.91 5.906
8.92 5.825
8.93 5.689
8.94 5.52
8.95 5.345
8.96 5.187
8.97 5.063
8.98 4.979
8.99 4.938
9 4.931
9.01 4.949
9.02 4.977
9.03 5.005
9.04 5.021
9.05 5.018
9.06 4.993
9.07 4.944
9.08 4.872
9.09 4.783
9.1 4.683
9.11 4.581
9.12 4.49
9.13 4.421
9.14 4.388
9.15 4.405
9.16 4.48
9.17 4.619
9.18 4.821
9.19 5.075
9.2 5.367
9.21 5.675
9.22 5.971
9.23 6.233
9.24 6.44
9.25 6.579
9.26 6.651
9.27 6.665
9.28 6.638
9.29 6.592
9.3 6.548
9.31 6.522
9.32 6.521
9.33 6.543
9.34 6.579
9.35 6.614
9.36 6.632
9.37 6.618
9.38 6.563
9.39 6.464
9.4 6.326
9.41 6.16
9.42 5.983
9.43 5.813
9.44 5.666
9.45 5.556
9.46 5.489
9.47 5.465
9.48 5.475
9.49 5.508
9.5 5.547
9.51 5.579
9.52 5.593
9.53 5.586
9.54 5.559
9.55 5.519
9.56 5.477
9.57 5.441
9.58 5.418
9.59 5.413
9.6 5.425
9.61 5.449
9.62 5.481
9.63 5.519
9.64 5.566
9.65 5.633
9.66 5.737
9.67 5.899
9.68 6.142
9.69 6.484
9.7 6.935
9.71 7.488
9.72 8.123
9.73 8.806
9.74 9.493
9.75 10.13
9.76 10.68
9.77 11.11
9.78 11.38
9.79 11.49
9.8 11.45
9.81 11.28
9.82 10.99
9.83 10.61
9.84 10.17
9.85 9.675
9.86 9.151
9.87 8.613
9.88 8.078
9.89 7.567
9.9 7.102
9.91 6.706
9.92 6.397
9.93 6.189
9.94 6.09
9.95 6.1
9.96 6.212
9.97 6.421
9.98 6.716
9.99 7.093
10 7.547
10.01 8.073
10.02 8.664
10.03 9.309
10.04 9.987
10.05 10.67
10.06 11.33
10.07 11.93
10.08 12.44
10.09 12.84
10.1 13.1
10.11 13.24
10.12 13.25
10.13 13.15
10.14 12.94
10.15 12.66
10.16 12.3
10.17 11.89
10.18 11.44
10.19 10.97
10.2 10.49
10.21 10.02
10.22 9.555
10.23 9.11
10.24 8.68
10.25 8.262
10.26 7.854
10.27 7.455
10.28 7.065
10.29 6.691
10.3 6.342
10.31 6.026
10.32 5.752
10.33 5.525
10.34 5.346
10.35 5.212
10.36 5.118
10.37 5.055
10.38 5.016
10.39 4.992
10.4 4.974
10.41 4.955
10.42 4.93
10.43 4.894
10.44 4.846
10.45 4.785
10.46 4.714
10.47 4.637
10.48 4.556
10.49 4.476
10.5 4.397
10.51 4.322
10.52 4.253
10.53 4.196
10.54 4.159
10.55 4.153
10.56 4.192
10.57 4.287
10.58 4.446
10.59 4.672
10.6 4.962
10.61 5.31
10.62 5.705
10.63 6.138
10.64 6.602
10.65 7.09
10.66 7.598
10.67 8.118
10.68 8.635
10.69 9.129
10.7 9.571
10.71 9.93
10.72 10.17
10.73 10.27
10.74 10.21
10.75 9.986
10.76 9.623
10.77 9.154
10.78 8.62
10.79 8.071
10.8 7.55
10.81 7.087
10.82 6.703
10.83 6.4
10.84 6.171
10.85 5.998
10.86 5.866
10.87 5.757
10.88 5.66
10.89 5.569
10.9 5.481
10.91 5.397
10.92 5.317
10.93 5.241
10.94 5.169
10.95 5.1
10.96 5.035
10.97 4.979
10.98 4.938
10.99 4.917
11 4.922
11.01 4.956
11.02 5.016
11.03 5.098
11.04 5.193
11.05 5.292
11.06 5.389
11.07 5.48
11.08 5.566
11.09 5.652
11.1 5.745
11.11 5.852
11.12 5.982
11.13 6.138
11.14 6.321
11.15 6.526
11.16 6.746
11.17 6.966
11.18 7.17
11.19 7.342
11.2 7.468
11.21 7.54
11.22 7.558
11.23 7.533
11.24 7.482
11.25 7.431
11.26 7.408
11.27 7.439
11.28 7.549
11.29 7.756
11.3 8.067
11.31 8.485
11.32 8.998
11.33 9.585
11.34 10.21
11.35 10.84
11.36 11.41
11.37 11.89
11.38 12.21
11.39 12.35
11.4 12.29
11.41 12.03
11.42 11.58
11.43 10.99
11.44 10.28
11.45 9.512
11.46 8.716
11.47 7.93
11.48 7.182
11.49 6.489
11.5 5.863
11.51 5.31
11.52 4.829
11.53 4.417
11.54 4.069
11.55 3.773
11.56 3.517
11.57 3.284
11.58 3.061
11.59 2.834
11.6 2.595
11.61 2.341
11.62 2.076
11.63 1.81
11.64 1.556
11.65 1.325
11.66 1.13
11.67 0.9798
11.68 0.8784
11.69 0.8266
11.7 0.8212
11.71 0.8559
11.72 0.9218
11.73 1.008
11.74 1.101
11.75 1.189
11.76 1.261
11.77 1.31
11.78 1.333
11.79 1.333
11.8 1.318
11.81 1.299
11.82 1.288
11.83 1.296
11.84 1.33
11.85 1.39
11.86 1.471
11.87 1.564
11.88 1.656
11.89 1.734
11.9 1.788
11.91 1.81
11.92 1.797
11.93 1.751
11.94 1.681
11.95 1.594
11.96 1.504
11.97 1.421
11.98 1.355
11.99 1.315
12 1.303
12.01 1.32
12.02 1.363
12.03 1.426
12.04 1.504
12.05 1.587
12.06 1.671
12.07 1.749
12.08 1.819
12.09 1.878
12.1 1.925
12.11 1.958
12.12 1.974
12.13 1.968
12.14 1.938
12.15 1.878
12.16 1.787
12.17 1.667
12.18 1.52
12.19 1.355
12.2 1.181
12.21 1.007
12.22 0.845
12.23 0.7026
12.24 0.5868
12.25 0.5029
12.26 0.454
12.27 0.4422
12.28 0.4679
12.29 0.5302
12.3 0.6269
12.31 0.754
12.32 0.9054
12.33 1.073
12.34 1.247
12.35 1.415
12.36 1.565
12.37 1.687
12.38 1.771
12.39 1.81
12.4 1.805
12.41 1.757
12.42 1.675
12.43 1.567
12.44 1.446
12.45 1.322
12.46 1.205
12.47 1.102
12.48 1.015
12.49 0.9435
12.5 0.8854
12.51 0.8364
12.52 0.7927
12.53 0.7519
12.54 0.7136
12.55 0.6794
12.56 0.6523
12.57 0.6356
12.58 0.6317
12.59 0.6409
12.6 0.661
12.61 0.6878
12.62 0.7158
12.63 0.7396
12.64 0.755
12.65 0.7601
12.66 0.7551
12.67 0.7427
12.68 0.7266
12.69 0.7112
12.7 0.7006
12.71 0.6981
12.72 0.7056
12.73 0.7242
12.74 0.7533
12.75 0.7914
12.76 0.8359
12.77 0.8838
12.78 0.9316
12.79 0.9766
12.8 1.017
12.81 1.053
12.82 1.086
12.83 1.118
12.84 1.15
12.85 1.185
12.86 1.221
12.87 1.255
12.88 1.281
12.89 1.294
12.9 1.293
12.91 1.277
12.92 1.249
12.93 1.215
12.94 1.182
12.95 1.157
12.96 1.142
12.97 1.136
12.98 1.134
12.99 1.129
13 1.116
13.01 1.088
13.02 1.046
13.03 0.9895
13.04 0.9244
13.05 0.857
13.06 0.7939
13.07 0.7404
13.08 0.6996
13.09 0.672
13.1 0.6557
13.11 0.647
13.12 0.6416
13.13 0.6354
13.14 0.6259
13.15 0.6128
13.16 0.5983
13.17 0.5869
13.18 0.5848
13.19 0.5978
13.2 0.631
13.21 0.6865
13.22 0.7633
13.23 0.8569
13.24 0.9602
13.25 1.064
13.26 1.16
13.27 1.24
13.28 1.299
13.29 1.336
13.3 1.351
13.31 1.347
13.32 1.327
13.33 1.295
13.34 1.254
13.35 1.204
13.36 1.146
13.37 1.081
13.38 1.012
13.39 0.9405
13.4 0.8728
13.41 0.8144
13.42 0.771
13.43 0.7465
13.44 0.7425
13.45 0.7577
13.46 0.7878
13.47 0.8259
13.48 0.8643
13.49 0.8952
13.5 0.9122
13.51 0.9116
13.52 0.8927
13.53 0.858
13.54 0.8125
13.55 0.7627
13.56 0.7159
13.57 0.6789
13.58 0.6577
13.59 0.6565
13.6 0.6781
13.61 0.7233
13.62 0.791
13.63 0.8781
13.64 0.9795
13.65 1.088
13.66 1.195
13.67 1.291
13.68 1.364
13.69 1.407
13.7 1.413
13.71 1.379
13.72 1.309
13.73 1.211
13.74 1.096
13.75 0.9795
13.76 0.8766
13.77 0.8006
13.78 0.7606
13.79 0.7607
13.8 0.7998
13.81 0.8717
13.82 0.967
13.83 1.074
13.84 1.183
13.85 1.282
13.86 1.366
13.87 1.43
13.88 1.472
13.89 1.492
13.9 1.493
13.91 1.478
13.92 1.45
13.93 1.414
13.94 1.376
13.95 1.34
13.96 1.312
13.97 1.297
13.98 1.297
13.99 1.313
14 1.342
14.01 1.381
14.02 1.424
14.03 1.463
14.04 1.493
14.05 1.507
14.06 1.503
14.07 1.477
14.08 1.428
14.09 1.357
14.1 1.264
14.11 1.154
14.12 1.029
14.13 0.8953
14.14 0.7593
14.15 0.6272
14.16 0.5054
14.17 0.3989
14.18 0.3119
14.19 0.2467
14.2 0.2046
14.21 0.1853
14.22 0.1876
14.23 0.2091
14.24 0.2465
14.25 0.2954
14.26 0.3507
14.27 0.4072
14.28 0.4599
14.29 0.5052
14.3 0.541
14.31 0.5674
14.32 0.5865
14.33 0.6015
14.34 0.6159
14.35 0.633
14.36 0.6548
14.37 0.6824
14.38 0.7161
14.39 0.7562
14.4 0.8034
14.41 0.8598
14.42 0.9278
14.43 1.011
14.44 1.11
14.45 1.227
14.46 1.358
14.47 1.495
14.48 1.629
14.49 1.745
14.5 1.829
14.51 1.868
14.52 1.852
14.53 1.778
14.54 1.65
14.55 1.481
14.56 1.285
14.57 1.082
14.58 0.8888
14.59 0.7207
14.6 0.5882
14.61 0.497
14.62 0.4489
14.63 0.4425
14.64 0.4748
14.65 0.5421
14.66 0.6401
14.67 0.7644
14.68 0.9089
14.69 1.066
14.7 1.226
14.71 1.378
14.72 1.509
14.73 1.609
14.74 1.67
14.75 1.687
14.76 1.661
14.77 1.596
14.78 1.5
14.79 1.383
14.8 1.252
14.81 1.115
14.82 0.979
14.83 0.8474
14.84 0.7245
14.85 0.6138
14.86 0.5191
14.87 0.4446
14.88 0.3944
14.89 0.3723
14.9 0.3807
14.91 0.4203
14.92 0.4892
14.93 0.5831
14.94 0.6954
14.95 0.8179
14.96 0.9416
14.97 1.058
14.98 1.161
14.99 1.244
15 1.305
15.01 1.341
15.02 1.353
15.03 1.34
15.04 1.303
15.05 1.243
15.06 1.164
15.07 1.072
15.08 0.9729
15.09 0.8768
15.1 0.7927
15.11 0.7286
15.12 0.6902
15.13 0.6796
15.14 0.6955
15.15 0.7329
15.16 0.785
15.17 0.8441
15.18 0.9034
15.19 0.9576
15.2 1.003
15.21 1.039
15.22 1.066
15.23 1.084
15.24 1.093
15.25 1.095
15.26 1.09
15.27 1.081
15.28 1.068
15.29 1.055
15.3 1.047
15.31 1.044
15.32 1.05
15.33 1.062
15.34 1.077
15.35 1.088
15.36 1.09
15.37 1.075
15.38 1.041
15.39 0.9865
15.4 0.9151
15.41 0.8324
15.42 0.7457
15.43 0.6616
15.44 0.5857
15.45 0.521
15.46 0.4687
15.47 0.4278
15.48 0.3966
15.49 0.373
15.5 0.3548
15.51 0.3406
15.52 0.329
15.53 0.3196
15.54 0.3124
15.55 0.3084
15.56 0.3096
15.57 0.3188
15.58 0.3396
15.59 0.3758
15.6 0.4307
15.61 0.5057
15.62 0.6003
15.63 0.7109
15.64 0.8309
15.65 0.9515
15.66 1.063
15.67 1.155
15.68 1.222
15.69 1.258
15.7 1.265
15.71 1.246
15.72 1.21
15.73 1.166
15.74 1.123
15.75 1.088
15.76 1.067
15.77 1.061
15.78 1.066
15.79 1.08
15.8 1.095
15.81 1.106
15.82 1.108
15.83 1.101
15.84 1.084
15.85 1.063
15.86 1.041
15.87 1.025
15.88 1.019
15.89 1.024
15.9 1.038
15.91 1.057
15.92 1.074
15.93 1.08
15.94 1.069
15.95 1.039
15.96 0.9905
15.97 0.9284
15.98 0.8615
15.99 0.7999
16 0.7537
&
