 &plot nbnd=  28, nks=    72 /
            0.000000  0.000000  0.000000
  -91.244  -51.635  -51.635  -51.635    3.738    7.554    7.554    7.745    7.745    7.745
    8.995    8.995    8.995   10.422   10.422   10.773   10.773   10.773   11.307   11.307
   20.019   21.151   21.151   21.151   21.226   21.226   21.226   22.093
           -0.083333  0.083333 -0.083333
  -91.243  -51.634  -51.634  -51.634    3.843    7.573    7.573    7.720    7.746    7.746
    9.006    9.017    9.017   10.409   10.409   10.696   10.762   10.762   11.304   11.304
   18.937   20.238   20.318   20.318   21.867   22.033   22.033   22.430
           -0.166667  0.166667 -0.166667
  -91.243  -51.635  -51.634  -51.634    4.148    7.614    7.614    7.665    7.766    7.766
    9.016    9.078    9.078   10.350   10.350   10.500   10.746   10.746   11.302   11.302
   16.916   19.502   19.502   20.216   21.866   22.082   22.082   22.755
           -0.250000  0.250000 -0.250000
  -91.243  -51.635  -51.634  -51.634    4.626    7.621    7.626    7.626    7.847    7.847
    8.968    9.167    9.167   10.216   10.216   10.269   10.761   10.761   11.308   11.308
   15.063   18.773   18.773   20.128   21.693   21.827   21.827   23.694
           -0.333333  0.333333 -0.333333
  -91.243  -51.635  -51.635  -51.635    5.211    7.613    7.613    7.632    7.972    7.972
    8.801    9.269    9.269   10.027   10.027   10.097   10.806   10.806   11.320   11.320
   13.506   18.182   18.182   20.000   21.550   21.608   21.608   25.060
           -0.416667  0.416667 -0.416667
  -91.243  -51.635  -51.634  -51.634    5.755    7.598    7.598    7.739    8.084    8.084
    8.514    9.367    9.367    9.839    9.839   10.012   10.851   10.851   11.331   11.331
   12.410   17.793   17.793   19.899   21.465   21.468   21.468   26.464
            0.500000 -0.500000  0.500000
  -91.243  -51.635  -51.634  -51.634    5.992    7.593    7.593    7.887    8.131    8.131
    8.282    9.421    9.421    9.747    9.747    9.989   10.871   10.871   11.336   11.336
   12.003   17.657   17.657   19.862   21.421   21.421   21.437   26.992
            0.000000  0.166667  0.000000
  -91.243  -51.635  -51.635  -51.634    3.878    7.550    7.609    7.694    7.754    7.754
    8.940    9.062    9.062   10.406   10.406   10.715   10.740   10.740   11.263   11.335
   19.443   19.443   19.666   20.164   21.514   21.915   22.650   22.650
           -0.083333  0.250000 -0.083333
  -91.243  -51.635  -51.634  -51.634    4.117    7.549    7.646    7.667    7.760    7.776
    8.913    9.131    9.145   10.361   10.371   10.571   10.714   10.740   11.225   11.351
   17.568   18.640   19.430   20.309   21.108   22.002   22.800   22.827
           -0.166667  0.333333 -0.166667
  -91.243  -51.635  -51.635  -51.634    4.540    7.518    7.646    7.681    7.783    7.868
    8.920    9.181    9.251   10.229   10.286   10.352   10.731   10.751   11.208   11.363
   15.651   17.966   18.818   20.062   21.830   21.914   22.685   22.722
           -0.250000  0.416667 -0.250000
  -91.243  -51.635  -51.634  -51.634    5.098    7.477    7.662    7.673    7.855    8.001
    8.897    9.211    9.361   10.023   10.129   10.172   10.780   10.788   11.222   11.370
   13.979   17.473   18.101   19.806   21.903   22.303   22.427   23.228
           -0.333333  0.500000 -0.333333
  -91.243  -51.635  -51.634  -51.634    5.675    7.468    7.637    7.728    7.944    8.118
    8.760    9.276    9.451    9.814    9.963   10.055   10.828   10.835   11.268   11.363
   12.696   17.220   17.456   19.681   21.899   22.135   22.190   24.610
            0.583333 -0.416667  0.583333
  -91.243  -51.635  -51.634  -51.634    6.040    7.486    7.618    7.847    7.962    8.167
    8.599    9.378    9.448    9.737    9.817   10.005   10.842   10.877   11.328   11.333
   12.023   17.000   17.251   19.668   21.742   21.875   22.332   26.049
            0.500000 -0.333333  0.500000
  -91.243  -51.635  -51.634  -51.634    5.957    7.507    7.610    7.793    8.005    8.117
    8.650    9.339    9.459    9.756    9.848   10.012   10.817   10.891   11.278   11.372
   12.172   16.799   17.583   19.763   21.582   21.680   22.602   26.292
            0.416667 -0.250000  0.416667
  -91.243  -51.635  -51.634  -51.634    5.488    7.518    7.613    7.696    7.993    7.997
    8.840    9.230    9.418    9.879   10.023   10.073   10.780   10.857   11.227   11.387
   13.081   16.871   18.184   19.969   21.470   21.567   22.910   24.848
            0.333333 -0.166667  0.333333
  -91.243  -51.635  -51.634  -51.634    4.899    7.541    7.621    7.676    7.854    7.915
    8.973    9.134    9.324   10.086   10.197   10.205   10.753   10.789   11.209   11.379
   14.515   17.185   18.998   20.283   21.402   21.541   23.147   23.510
            0.250000 -0.083333  0.250000
  -91.243  -51.635  -51.634  -51.634    4.379    7.592    7.614    7.671    7.761    7.824
    9.005    9.059    9.222   10.272   10.324   10.404   10.732   10.748   11.222   11.360
   16.281   17.678   19.950   20.648   21.360   21.558   22.474   22.873
            0.166667 -0.000000  0.166667
  -91.243  -51.635  -51.634  -51.634    4.015    7.582    7.616    7.679    7.740    7.770
    8.996    9.016    9.116   10.375   10.388   10.600   10.726   10.760   11.259   11.336
   18.217   18.325   20.659   20.860   21.346   21.522   22.118   22.332
            0.000000  0.333333  0.000000
  -91.243  -51.635  -51.634  -51.634    4.290    7.468    7.599    7.772    7.779    7.779
    8.817    9.252    9.252   10.349   10.353   10.619   10.666   10.666   11.142   11.371
   17.800   17.800   18.452   19.307   20.350   23.266   23.328   23.328
           -0.083333  0.416667 -0.083333
  -91.243  -51.635  -51.634  -51.634    4.652    7.376    7.589    7.767    7.792    7.916
    8.787    9.354    9.376   10.246   10.302   10.464   10.671   10.704   11.089   11.380
   16.187   17.084   17.803   19.467   20.332   23.389   23.594   23.853
           -0.166667  0.500000 -0.166667
  -91.243  -51.635  -51.634  -51.634    5.166    7.294    7.618    7.743    7.808    8.074
    8.817    9.405    9.495   10.029   10.201   10.286   10.739   10.757   11.096   11.384
   14.462   16.564   17.052   19.443   21.268   23.277   23.531   23.861
           -0.250000  0.583333 -0.250000
  -91.243  -51.635  -51.634  -51.634    5.743    7.249    7.672    7.712    7.838    8.214
    8.870    9.402    9.591    9.778   10.057   10.167   10.777   10.821   11.189   11.378
   13.023   16.307   16.331   19.398   22.515   23.052   23.254   23.933
            0.666667 -0.333333  0.666667
  -91.243  -51.635  -51.634  -51.634    6.186    7.265    7.682    7.745    7.857    8.282
    8.914    9.406    9.504    9.735    9.947   10.070   10.763   10.897   11.314   11.349
   12.088   15.746   16.371   19.432   22.662   22.911   23.658   24.575
            0.583333 -0.250000  0.583333
  -91.243  -51.635  -51.634  -51.634    6.241    7.337    7.659    7.769    7.868    8.232
    8.973    9.341    9.473    9.831    9.856   10.041   10.732   10.924   11.261   11.400
   11.990   15.378   16.766   19.555   22.371   22.586   24.119   25.929
            0.500000 -0.166667  0.500000
  -91.243  -51.635  -51.634  -51.634    5.885    7.393    7.648    7.700    7.925    8.087
    9.047    9.230    9.562    9.767   10.009   10.075   10.709   10.920   11.134   11.433
   12.741   15.282   17.448   19.778   22.138   22.319   24.184   25.193
            0.416667 -0.083333  0.416667
  -91.243  -51.635  -51.634  -51.634    5.330    7.439    7.646    7.682    7.920    7.929
    9.075    9.146    9.498    9.909   10.155   10.158   10.707   10.869   11.084   11.427
   14.038   15.466   18.333   20.109   21.946   22.114   23.259   24.000
            0.333333  0.000000  0.333333
  -91.243  -51.635  -51.634  -51.634    4.790    7.510    7.639    7.684    7.799    7.886
    9.043    9.085    9.369   10.116   10.266   10.275   10.726   10.775   11.137   11.400
   15.531   16.020   19.300   20.536   21.590   21.862   22.520   23.085
            0.000000  0.500000  0.000000
  -91.243  -51.635  -51.634  -51.634    4.954    7.236    7.531    7.816    7.816    8.031
    8.700    9.510    9.510   10.224   10.287   10.550   10.633   10.633   10.989   11.383
   16.295   16.295   16.435   19.069   19.699   24.340   24.340   25.006
           -0.083333  0.583333 -0.083333
  -91.243  -51.635  -51.634  -51.634    5.416    7.121    7.509    7.818    7.831    8.199
    8.685    9.604    9.624   10.052   10.243   10.434   10.699   10.728   10.968   11.388
   14.815   15.690   15.873   19.181   19.885   24.574   24.689   25.656
           -0.166667  0.666667 -0.166667
  -91.243  -51.635  -51.634  -51.634    5.967    7.048    7.528    7.794    7.837    8.366
    8.737    9.644    9.697    9.799   10.152   10.322   10.710   10.846   11.118   11.400
   13.356   15.168   15.359   19.212   20.901   24.369   24.563   25.800
            0.750000 -0.250000  0.750000
  -91.243  -51.635  -51.634  -51.634    6.436    7.057    7.581    7.759    7.825    8.473
    8.851    9.500    9.667    9.808   10.054   10.224   10.661   10.963   11.312   11.425
   12.216   14.519   15.382   19.255   22.278   23.990   24.191   25.952
            0.666667 -0.166667  0.666667
  -91.243  -51.635  -51.634  -51.634    6.550    7.202    7.655    7.723    7.776    8.441
    9.032    9.322    9.665    9.894    9.978   10.127   10.618   10.960   11.374   11.430
   11.879   14.045   15.780   19.362   23.568   23.757   23.825   25.938
            0.583333 -0.083333  0.583333
  -91.243  -51.635  -51.634  -51.634    6.313    7.308    7.658    7.692    7.814    8.271
    9.188    9.240    9.620    9.866    9.993   10.106   10.611   10.894   11.188   11.468
   12.538   13.849   16.486   19.543   23.277   23.316   24.412   25.648
            0.500000  0.000000  0.500000
  -91.243  -51.635  -51.634  -51.634    5.848    7.358    7.664    7.669    7.892    8.069
    9.182    9.188    9.643    9.770   10.088   10.116   10.647   10.946   11.029   11.459
   13.517   14.141   17.386   19.799   22.810   22.871   23.435   24.567
            0.000000  0.666667  0.000000
  -91.243  -51.635  -51.634  -51.634    5.824    6.982    7.432    7.857    7.857    8.369
    8.586    9.706    9.706    9.990   10.250   10.499   10.795   10.795   10.864   11.401
   14.511   14.969   14.969   18.953   19.388   25.669   25.669   26.940
           -0.083333  0.750000 -0.083333
  -91.243  -51.635  -51.634  -51.634    6.332    6.893    7.406    7.858    7.861    8.547
    8.556    9.694    9.743    9.842   10.218   10.447   10.738   10.977   11.084   11.440
   13.465   14.306   14.514   19.063   19.664   25.923   25.967   27.587
            0.833333 -0.166667  0.833333
  -91.243  -51.635  -51.634  -51.634    6.746    6.937    7.432    7.812    7.830    8.614
    8.714    9.441    9.782    9.882   10.150   10.382   10.627   11.144   11.341   11.560
   12.412   13.578   14.452   19.128   20.719   25.594   25.604   27.563
            0.750000 -0.083333  0.750000
  -91.243  -51.635  -51.634  -51.634    6.752    7.236    7.508    7.698    7.787    8.728
    8.819    9.244    9.844    9.945   10.073   10.298   10.541   11.161   11.468   11.596
   11.920   12.991   14.835   19.213   22.153   24.984   25.159   26.505
            0.666667 -0.000000  0.666667
  -91.243  -51.635  -51.635  -51.635    6.629    7.309    7.601    7.685    7.739    8.520
    9.065    9.229    9.793    9.980    9.993   10.191   10.536   10.928   11.328   11.490
   12.470   12.825   15.564   19.350   23.704   24.235   24.612   25.168
            0.000000  0.833333  0.000000
  -91.243  -51.635  -51.634  -51.634    6.756    6.829    7.347    7.889    7.889    8.344
    8.755    9.657    9.758    9.758   10.237   10.466   10.796   11.203   11.203   11.510
   12.969   13.905   13.905   18.907   19.256   27.235   27.235   28.465
            0.916667 -0.083333  0.916667
  -91.243  -51.635  -51.634  -51.634    6.753    7.200    7.384    7.811    7.882    8.278
    8.941    9.392    9.774    9.825   10.213   10.444   10.715   11.372   11.421   11.687
   12.370   13.301   13.719   19.023   19.579   27.058   27.370   28.798
            0.833333  0.000000  0.833333
  -91.243  -51.635  -51.634  -51.634    6.765    7.364    7.485    7.611    7.844    8.512
    9.047    9.123    9.825    9.919   10.154   10.400   10.590   11.385   11.494   11.866
   12.055   12.628   14.080   19.108   20.665   26.129   26.734   27.233
            0.000000 -1.000000  0.000000
  -91.243  -51.635  -51.634  -51.634    6.723    7.249    7.603    7.901    7.901    7.917
    9.045    9.381    9.758    9.758   10.233   10.456   10.775   11.490   11.490   11.754
   12.170   13.412   13.412   18.896   19.221   28.450   28.479   28.479
           -0.166667  0.333333  0.000000
  -91.243  -51.635  -51.634  -51.634    4.417    7.496    7.626    7.712    7.765    7.840
    8.882    9.193    9.277   10.278   10.330   10.454   10.705   10.731   11.165   11.373
   16.774   17.081   19.196   20.186   20.793   22.399   22.697   23.541
           -0.250000  0.416667 -0.083333
  -91.243  -51.635  -51.635  -51.634    4.887    7.424    7.650    7.708    7.791    7.952
    8.904    9.248    9.401   10.101   10.242   10.284   10.725   10.770   11.128   11.392
   15.064   16.442   18.379   20.186   21.366   22.272   22.771   24.004
           -0.333333  0.500000 -0.166667
  -91.243  -51.635  -51.634  -51.634    5.458    7.371    7.671    7.698    7.851    8.076
    8.934    9.272    9.506    9.877   10.098   10.152   10.737   10.853   11.143   11.402
   13.509   16.083   17.575   19.992   21.664   22.680   23.142   24.000
            0.583333 -0.416667  0.750000
  -91.243  -51.635  -51.634  -51.634    5.983    7.354    7.655    7.750    7.895    8.180
    8.910    9.307    9.536    9.735    9.958   10.060   10.755   10.906   11.223   11.394
   12.376   15.945   16.934   19.866   21.575   22.925   23.616   24.583
            0.500000 -0.333333  0.666667
  -91.243  -51.635  -51.634  -51.634    6.208    7.356    7.645    7.819    7.878    8.223
    8.872    9.378    9.441    9.777    9.858   10.026   10.760   10.932   11.288   11.373
   11.931   15.953   16.651   19.823   21.534   23.096   23.426   25.909
           -0.166667  0.500000  0.000000
  -91.243  -51.635  -51.634  -51.634    5.064    7.264    7.578    7.778    7.805    8.051
    8.769    9.450    9.517   10.105   10.255   10.379   10.690   10.734   11.034   11.388
   15.376   15.832   17.121   19.727   20.220   23.315   24.120   24.879
           -0.250000  0.583333 -0.083333
  -91.243  -51.635  -51.634  -51.634    5.598    7.180    7.598    7.758    7.822    8.201
    8.818    9.506    9.631    9.874   10.167   10.268   10.690   10.849   11.058   11.402
   13.926   15.250   16.403   19.827   21.057   22.945   24.403   25.312
            0.666667 -0.333333  0.833333
  -91.243  -51.635  -51.634  -51.634    6.137    7.144    7.639    7.727    7.842    8.325
    8.908    9.517    9.621    9.730   10.062   10.176   10.668   10.942   11.189   11.415
   12.636   14.978   15.821   19.822   22.213   22.727   24.513   25.257
            0.583333 -0.250000  0.750000
  -91.243  -51.635  -51.634  -51.634    6.446    7.182    7.670    7.714    7.847    8.368
    9.035    9.380    9.559    9.799    9.996   10.091   10.636   11.018   11.300   11.432
   11.895   14.736   15.694   19.900   22.154   23.828   24.364   25.386
            0.500000 -0.166667  0.666667
  -91.243  -51.635  -51.634  -51.634    6.349    7.241    7.662    7.727    7.839    8.298
    9.102    9.319    9.565    9.807    9.996   10.082   10.628   10.981   11.221   11.446
   12.155   14.518   16.090   20.079   21.912   23.830   24.462   25.389
            0.416667 -0.083333  0.583333
  -91.243  -51.635  -51.634  -51.634    5.924    7.275    7.666    7.714    7.840    8.167
    9.032    9.346    9.638    9.757   10.086   10.127   10.650   10.953   11.071   11.445
   13.145   14.536   16.776   20.367   21.668   22.941   23.865   25.459
            0.333333  0.000000  0.500000
  -91.243  -51.635  -51.634  -51.634    5.378    7.334    7.663    7.716    7.813    8.046
    8.954    9.310    9.555    9.907   10.174   10.205   10.687   10.870   11.047   11.423
   14.384   14.986   17.592   20.711   21.159   22.285   23.434   24.741
           -0.166667  0.666667 -0.000000
  -91.243  -51.635  -51.634  -51.634    5.901    7.013    7.481    7.811    7.856    8.367
    8.671    9.673    9.710    9.882   10.209   10.397   10.684   10.878   11.007   11.407
   14.026   14.663   15.298   19.491   19.900   24.387   25.569   26.710
            0.750000 -0.250000  0.916667
  -91.243  -51.635  -51.634  -51.634    6.421    6.960    7.495    7.770    7.871    8.523
    8.729    9.583    9.738    9.801   10.146   10.332   10.609   11.039   11.199   11.460
   12.902   14.105   14.773   19.653   20.828   23.936   25.880   26.925
            0.666667 -0.166667  0.833333
  -91.243  -51.635  -51.634  -51.634    6.720    7.050    7.544    7.711    7.858    8.600
    8.880    9.361    9.775    9.858   10.084   10.245   10.533   11.139   11.387   11.594
   11.941   13.652   14.732   19.746   22.238   23.477   25.567   26.255
            0.583333 -0.083333  0.750000
  -91.243  -51.635  -51.634  -51.634    6.665    7.199    7.608    7.675    7.823    8.513
    9.090    9.248    9.760    9.874   10.070   10.155   10.504   11.063   11.348   11.510
   12.104   13.287   15.191   19.918   23.045   23.777   24.580   25.432
            0.500000  0.000000  0.666667
  -91.243  -51.635  -51.634  -51.634    6.381    7.226    7.638    7.714    7.814    8.327
    9.119    9.332    9.640    9.841   10.076   10.123   10.554   10.964   11.180   11.484
   12.818   13.386   15.927   20.169   22.493   23.338   24.723   25.484
            0.833333 -0.166667  1.000000
  -91.243  -51.635  -51.634  -51.634    6.785    6.854    7.388    7.805    7.897    8.494
    8.742    9.517    9.760    9.860   10.197   10.425   10.658   11.200   11.280   11.543
   12.810   13.698   13.952   19.389   19.754   25.570   27.104   28.100
            0.750000 -0.083333  0.916667
  -91.243  -51.635  -51.634  -51.634    6.804    7.196    7.418    7.687    7.895    8.603
    8.882    9.266    9.782    9.950   10.149   10.365   10.534   11.298   11.483   11.786
   12.149   13.001   13.883   19.587   20.728   25.006   26.557   27.275
            0.666667  0.000000  0.833333
  -91.243  -51.635  -51.634  -51.634    6.794    7.282    7.500    7.623    7.856    8.765
    8.873    9.191    9.828    9.980   10.102   10.256   10.467   11.264   11.505   11.586
   12.323   12.447   14.396   19.727   22.195   24.264   25.206   26.488
           -0.166667 -1.000000 -0.000000
  -91.243  -51.635  -51.634  -51.634    6.755    7.308    7.552    7.607    7.913    8.316
    9.087    9.198    9.759    9.894   10.195   10.428   10.642   11.408   11.527   11.893
   12.071   13.247   13.359   19.360   19.714   26.386   27.557   28.214
            0.666667 -0.333333  1.000000
  -91.243  -51.635  -51.634  -51.634    6.110    7.101    7.599    7.735    7.847    8.331
    8.883    9.577    9.652    9.757   10.133   10.231   10.603   11.021   11.065   11.444
   13.358   14.034   15.680   20.780   21.011   22.554   25.147   26.603
            0.583333 -0.250000  0.916667
  -91.243  -51.635  -51.634  -51.634    6.549    7.079    7.606    7.694    7.874    8.453
    8.997    9.428    9.671    9.796   10.096   10.184   10.523   11.109   11.237   11.503
   12.409   13.706   15.035   20.839   21.816   22.726   25.560   25.737
            0.500000 -0.166667  0.833333
  -91.243  -51.635  -51.634  -51.634    6.713    7.098    7.611    7.671    7.888    8.506
    9.115    9.275    9.722    9.808   10.086   10.142   10.489   11.169   11.386   11.611
   11.790   13.716   14.735   20.827   21.892   23.886   24.295   25.841
            0.666667 -0.166667  1.000000
  -91.243  -51.635  -51.634  -51.634    6.835    6.928    7.497    7.698    7.915    8.663
    8.804    9.397    9.771    9.859   10.133   10.284   10.489   11.200   11.379   11.595
   12.522   13.251   14.093   20.621   21.027   23.412   26.055   26.827
            0.583333 -0.083333  0.916667
  -91.243  -51.635  -51.634  -51.634    6.898    7.078    7.527    7.638    7.931    8.713
    8.976    9.236    9.783    9.922   10.112   10.182   10.437   11.253   11.540   11.760
   12.059   12.899   13.839   20.927   22.327   22.963   24.406   27.069
            0.500000  0.000000  0.833333
  -91.243  -51.635  -51.634  -51.634    6.829    7.078    7.570    7.646    7.912    8.609
    9.081    9.252    9.797    9.824   10.115   10.170   10.437   11.209   11.431   11.598
   12.367   12.784   14.293   21.162   22.313   23.119   24.029   26.565
           -0.333333 -1.000000  0.000000
  -91.243  -51.635  -51.634  -51.634    6.852    7.253    7.443    7.614    7.943    8.749
    8.918    9.167    9.760   10.041   10.142   10.220   10.461   11.316   11.598   11.867
   12.164   12.888   13.281   20.572   21.018   24.232   25.139   27.822
           -0.500000 -1.000000  0.000000
  -91.243  -51.635  -51.634  -51.634    7.009    7.028    7.523    7.617    7.965    8.778
    9.037    9.172    9.769    9.979   10.053   10.162   10.430   11.283   11.639   11.758
   12.503   12.505   13.251   22.192   22.316   22.591   23.210   27.677
