    0.0000    3.7380
    0.1443    3.8430
    0.2887    4.1480
    0.4330    4.6260
    0.5773    5.2110
    0.7217    5.7550
    0.7217    5.9920
    0.7217    3.8780
    0.8660    4.1170
    1.0104    4.5400
    1.1547    5.0980
    1.2990    5.6750
    1.2990    6.0400
    1.4434    5.9570
    1.5877    5.4880
    1.7321    4.8990
    1.8764    4.3790
    2.0207    4.0150
    2.4290    4.2900
    2.5733    4.6520
    2.7176    5.1660
    2.8620    5.7430
    2.8620    6.1860
    3.0063    6.2410
    3.1507    5.8850
    3.2950    5.3300
    3.4393    4.7900
    4.1265    4.9540
    4.2709    5.4160
    4.4152    5.9670
    4.4152    6.4360
    4.5595    6.5500
    4.7039    6.3130
    4.8482    5.8480
    4.8482    5.8240
    4.9925    6.3320
    4.9925    6.7460
    5.1369    6.7520
    5.2812    6.6290
    5.2812    6.7560
    5.2812    6.7530
    5.4256    6.7650
    5.4256    6.7230
    5.4256    4.4170
    5.5699    4.8870
    5.7142    5.4580
    5.7142    5.9830
    5.8586    6.2080
    5.8586    5.0640
    6.0029    5.5980
    6.0029    6.1370
    6.1472    6.4460
    6.2916    6.3490
    6.4359    5.9240
    6.5803    5.3780
    6.5803    5.9010
    6.5803    6.4210
    6.7246    6.7200
    6.8689    6.6650
    7.0133    6.3810
    7.5133    6.7850
    7.6576    6.8040
    7.8019    6.7940
    7.8019    6.7550
    7.8019    6.1100
    7.9463    6.5490
    8.0906    6.7130
    8.3263    6.8350
    8.4707    6.8980
    8.6150    6.8290
    8.6150    6.8520
    8.7817    7.0090

    0.0000    7.5540
    0.1443    7.5730
    0.2887    7.6140
    0.4330    7.6210
    0.5773    7.6130
    0.7217    7.5980
    0.7217    7.5930
    0.7217    7.5500
    0.8660    7.5490
    1.0104    7.5180
    1.1547    7.4770
    1.2990    7.4680
    1.2990    7.4860
    1.4434    7.5070
    1.5877    7.5180
    1.7321    7.5410
    1.8764    7.5920
    2.0207    7.5820
    2.4290    7.4680
    2.5733    7.3760
    2.7176    7.2940
    2.8620    7.2490
    2.8620    7.2650
    3.0063    7.3370
    3.1507    7.3930
    3.2950    7.4390
    3.4393    7.5100
    4.1265    7.2360
    4.2709    7.1210
    4.4152    7.0480
    4.4152    7.0570
    4.5595    7.2020
    4.7039    7.3080
    4.8482    7.3580
    4.8482    6.9820
    4.9925    6.8930
    4.9925    6.9370
    5.1369    7.2360
    5.2812    7.3090
    5.2812    6.8290
    5.2812    7.2000
    5.4256    7.3640
    5.4256    7.2490
    5.4256    7.4960
    5.5699    7.4240
    5.7142    7.3710
    5.7142    7.3540
    5.8586    7.3560
    5.8586    7.2640
    6.0029    7.1800
    6.0029    7.1440
    6.1472    7.1820
    6.2916    7.2410
    6.4359    7.2750
    6.5803    7.3340
    6.5803    7.0130
    6.5803    6.9600
    6.7246    7.0500
    6.8689    7.1990
    7.0133    7.2260
    7.5133    6.8540
    7.6576    7.1960
    7.8019    7.2820
    7.8019    7.3080
    7.8019    7.1010
    7.9463    7.0790
    8.0906    7.0980
    8.3263    6.9280
    8.4707    7.0780
    8.6150    7.0780
    8.6150    7.2530
    8.7817    7.0280

    0.0000    7.5540
    0.1443    7.5730
    0.2887    7.6140
    0.4330    7.6260
    0.5773    7.6130
    0.7217    7.5980
    0.7217    7.5930
    0.7217    7.6090
    0.8660    7.6460
    1.0104    7.6460
    1.1547    7.6620
    1.2990    7.6370
    1.2990    7.6180
    1.4434    7.6100
    1.5877    7.6130
    1.7321    7.6210
    1.8764    7.6140
    2.0207    7.6160
    2.4290    7.5990
    2.5733    7.5890
    2.7176    7.6180
    2.8620    7.6720
    2.8620    7.6820
    3.0063    7.6590
    3.1507    7.6480
    3.2950    7.6460
    3.4393    7.6390
    4.1265    7.5310
    4.2709    7.5090
    4.4152    7.5280
    4.4152    7.5810
    4.5595    7.6550
    4.7039    7.6580
    4.8482    7.6640
    4.8482    7.4320
    4.9925    7.4060
    4.9925    7.4320
    5.1369    7.5080
    5.2812    7.6010
    5.2812    7.3470
    5.2812    7.3840
    5.4256    7.4850
    5.4256    7.6030
    5.4256    7.6260
    5.5699    7.6500
    5.7142    7.6710
    5.7142    7.6550
    5.8586    7.6450
    5.8586    7.5780
    6.0029    7.5980
    6.0029    7.6390
    6.1472    7.6700
    6.2916    7.6620
    6.4359    7.6660
    6.5803    7.6630
    6.5803    7.4810
    6.5803    7.4950
    6.7246    7.5440
    6.8689    7.6080
    7.0133    7.6380
    7.5133    7.3880
    7.6576    7.4180
    7.8019    7.5000
    7.8019    7.5520
    7.8019    7.5990
    7.9463    7.6060
    8.0906    7.6110
    8.3263    7.4970
    8.4707    7.5270
    8.6150    7.5700
    8.6150    7.4430
    8.7817    7.5230

    0.0000    7.7450
    0.1443    7.7200
    0.2887    7.6650
    0.4330    7.6260
    0.5773    7.6320
    0.7217    7.7390
    0.7217    7.8870
    0.7217    7.6940
    0.8660    7.6670
    1.0104    7.6810
    1.1547    7.6730
    1.2990    7.7280
    1.2990    7.8470
    1.4434    7.7930
    1.5877    7.6960
    1.7321    7.6760
    1.8764    7.6710
    2.0207    7.6790
    2.4290    7.7720
    2.5733    7.7670
    2.7176    7.7430
    2.8620    7.7120
    2.8620    7.7450
    3.0063    7.7690
    3.1507    7.7000
    3.2950    7.6820
    3.4393    7.6840
    4.1265    7.8160
    4.2709    7.8180
    4.4152    7.7940
    4.4152    7.7590
    4.5595    7.7230
    4.7039    7.6920
    4.8482    7.6690
    4.8482    7.8570
    4.9925    7.8580
    4.9925    7.8120
    5.1369    7.6980
    5.2812    7.6850
    5.2812    7.8890
    5.2812    7.8110
    5.4256    7.6110
    5.4256    7.9010
    5.4256    7.7120
    5.5699    7.7080
    5.7142    7.6980
    5.7142    7.7500
    5.8586    7.8190
    5.8586    7.7780
    6.0029    7.7580
    6.0029    7.7270
    6.1472    7.7140
    6.2916    7.7270
    6.4359    7.7140
    6.5803    7.7160
    6.5803    7.8110
    6.5803    7.7700
    6.7246    7.7110
    6.8689    7.6750
    7.0133    7.7140
    7.5133    7.8050
    7.6576    7.6870
    7.8019    7.6230
    7.8019    7.6070
    7.8019    7.7350
    7.9463    7.6940
    8.0906    7.6710
    8.3263    7.6980
    8.4707    7.6380
    8.6150    7.6460
    8.6150    7.6140
    8.7817    7.6170

    0.0000    7.7450
    0.1443    7.7460
    0.2887    7.7660
    0.4330    7.8470
    0.5773    7.9720
    0.7217    8.0840
    0.7217    8.1310
    0.7217    7.7540
    0.8660    7.7600
    1.0104    7.7830
    1.1547    7.8550
    1.2990    7.9440
    1.2990    7.9620
    1.4434    8.0050
    1.5877    7.9930
    1.7321    7.8540
    1.8764    7.7610
    2.0207    7.7400
    2.4290    7.7790
    2.5733    7.7920
    2.7176    7.8080
    2.8620    7.8380
    2.8620    7.8570
    3.0063    7.8680
    3.1507    7.9250
    3.2950    7.9200
    3.4393    7.7990
    4.1265    7.8160
    4.2709    7.8310
    4.4152    7.8370
    4.4152    7.8250
    4.5595    7.7760
    4.7039    7.8140
    4.8482    7.8920
    4.8482    7.8570
    4.9925    7.8610
    4.9925    7.8300
    5.1369    7.7870
    5.2812    7.7390
    5.2812    7.8890
    5.2812    7.8820
    5.4256    7.8440
    5.4256    7.9010
    5.4256    7.7650
    5.5699    7.7910
    5.7142    7.8510
    5.7142    7.8950
    5.8586    7.8780
    5.8586    7.8050
    6.0029    7.8220
    6.0029    7.8420
    6.1472    7.8470
    6.2916    7.8390
    6.4359    7.8400
    6.5803    7.8130
    6.5803    7.8560
    6.5803    7.8710
    6.7246    7.8580
    6.8689    7.8230
    7.0133    7.8140
    7.5133    7.8970
    7.6576    7.8950
    7.8019    7.8560
    7.8019    7.9130
    7.8019    7.8470
    7.9463    7.8740
    8.0906    7.8880
    8.3263    7.9150
    8.4707    7.9310
    8.6150    7.9120
    8.6150    7.9430
    8.7817    7.9650

    0.0000    7.7450
    0.1443    7.7460
    0.2887    7.7660
    0.4330    7.8470
    0.5773    7.9720
    0.7217    8.0840
    0.7217    8.1310
    0.7217    7.7540
    0.8660    7.7760
    1.0104    7.8680
    1.1547    8.0010
    1.2990    8.1180
    1.2990    8.1670
    1.4434    8.1170
    1.5877    7.9970
    1.7321    7.9150
    1.8764    7.8240
    2.0207    7.7700
    2.4290    7.7790
    2.5733    7.9160
    2.7176    8.0740
    2.8620    8.2140
    2.8620    8.2820
    3.0063    8.2320
    3.1507    8.0870
    3.2950    7.9290
    3.4393    7.8860
    4.1265    8.0310
    4.2709    8.1990
    4.4152    8.3660
    4.4152    8.4730
    4.5595    8.4410
    4.7039    8.2710
    4.8482    8.0690
    4.8482    8.3690
    4.9925    8.5470
    4.9925    8.6140
    5.1369    8.7280
    5.2812    8.5200
    5.2812    8.3440
    5.2812    8.2780
    5.4256    8.5120
    5.4256    7.9170
    5.4256    7.8400
    5.5699    7.9520
    5.7142    8.0760
    5.7142    8.1800
    5.8586    8.2230
    5.8586    8.0510
    6.0029    8.2010
    6.0029    8.3250
    6.1472    8.3680
    6.2916    8.2980
    6.4359    8.1670
    6.5803    8.0460
    6.5803    8.3670
    6.5803    8.5230
    6.7246    8.6000
    6.8689    8.5130
    7.0133    8.3270
    7.5133    8.4940
    7.6576    8.6030
    7.8019    8.7650
    7.8019    8.3160
    7.8019    8.3310
    7.9463    8.4530
    8.0906    8.5060
    8.3263    8.6630
    8.4707    8.7130
    8.6150    8.6090
    8.6150    8.7490
    8.7817    8.7780

    0.0000    8.9950
    0.1443    9.0060
    0.2887    9.0160
    0.4330    8.9680
    0.5773    8.8010
    0.7217    8.5140
    0.7217    8.2820
    0.7217    8.9400
    0.8660    8.9130
    1.0104    8.9200
    1.1547    8.8970
    1.2990    8.7600
    1.2990    8.5990
    1.4434    8.6500
    1.5877    8.8400
    1.7321    8.9730
    1.8764    9.0050
    2.0207    8.9960
    2.4290    8.8170
    2.5733    8.7870
    2.7176    8.8170
    2.8620    8.8700
    2.8620    8.9140
    3.0063    8.9730
    3.1507    9.0470
    3.2950    9.0750
    3.4393    9.0430
    4.1265    8.7000
    4.2709    8.6850
    4.4152    8.7370
    4.4152    8.8510
    4.5595    9.0320
    4.7039    9.1880
    4.8482    9.1820
    4.8482    8.5860
    4.9925    8.5560
    4.9925    8.7140
    5.1369    8.8190
    5.2812    9.0650
    5.2812    8.7550
    5.2812    8.9410
    5.4256    9.0470
    5.4256    9.0450
    5.4256    8.8820
    5.5699    8.9040
    5.7142    8.9340
    5.7142    8.9100
    5.8586    8.8720
    5.8586    8.7690
    6.0029    8.8180
    6.0029    8.9080
    6.1472    9.0350
    6.2916    9.1020
    6.4359    9.0320
    6.5803    8.9540
    6.5803    8.6710
    6.5803    8.7290
    6.7246    8.8800
    6.8689    9.0900
    7.0133    9.1190
    7.5133    8.7420
    7.6576    8.8820
    7.8019    8.8730
    7.8019    9.0870
    7.8019    8.8830
    7.9463    8.9970
    8.0906    9.1150
    8.3263    8.8040
    8.4707    8.9760
    8.6150    9.0810
    8.6150    8.9180
    8.7817    9.0370

    0.0000    8.9950
    0.1443    9.0170
    0.2887    9.0780
    0.4330    9.1670
    0.5773    9.2690
    0.7217    9.3670
    0.7217    9.4210
    0.7217    9.0620
    0.8660    9.1310
    1.0104    9.1810
    1.1547    9.2110
    1.2990    9.2760
    1.2990    9.3780
    1.4434    9.3390
    1.5877    9.2300
    1.7321    9.1340
    1.8764    9.0590
    2.0207    9.0160
    2.4290    9.2520
    2.5733    9.3540
    2.7176    9.4050
    2.8620    9.4020
    2.8620    9.4060
    3.0063    9.3410
    3.1507    9.2300
    3.2950    9.1460
    3.4393    9.0850
    4.1265    9.5100
    4.2709    9.6040
    4.4152    9.6440
    4.4152    9.5000
    4.5595    9.3220
    4.7039    9.2400
    4.8482    9.1880
    4.8482    9.7060
    4.9925    9.6940
    4.9925    9.4410
    5.1369    9.2440
    5.2812    9.2290
    5.2812    9.6570
    5.2812    9.3920
    5.4256    9.1230
    5.4256    9.3810
    5.4256    9.1930
    5.5699    9.2480
    5.7142    9.2720
    5.7142    9.3070
    5.8586    9.3780
    5.8586    9.4500
    6.0029    9.5060
    6.0029    9.5170
    6.1472    9.3800
    6.2916    9.3190
    6.4359    9.3460
    6.5803    9.3100
    6.5803    9.6730
    6.5803    9.5830
    6.7246    9.3610
    6.8689    9.2480
    7.0133    9.3320
    7.5133    9.5170
    7.6576    9.2660
    7.8019    9.1910
    7.8019    9.1980
    7.8019    9.5770
    7.9463    9.4280
    8.0906    9.2750
    8.3263    9.3970
    8.4707    9.2360
    8.6150    9.2520
    8.6150    9.1670
    8.7817    9.1720

    0.0000    8.9950
    0.1443    9.0170
    0.2887    9.0780
    0.4330    9.1670
    0.5773    9.2690
    0.7217    9.3670
    0.7217    9.4210
    0.7217    9.0620
    0.8660    9.1450
    1.0104    9.2510
    1.1547    9.3610
    1.2990    9.4510
    1.2990    9.4480
    1.4434    9.4590
    1.5877    9.4180
    1.7321    9.3240
    1.8764    9.2220
    2.0207    9.1160
    2.4290    9.2520
    2.5733    9.3760
    2.7176    9.4950
    2.8620    9.5910
    2.8620    9.5040
    3.0063    9.4730
    3.1507    9.5620
    3.2950    9.4980
    3.4393    9.3690
    4.1265    9.5100
    4.2709    9.6240
    4.4152    9.6970
    4.4152    9.6670
    4.5595    9.6650
    4.7039    9.6200
    4.8482    9.6430
    4.8482    9.7060
    4.9925    9.7430
    4.9925    9.7820
    5.1369    9.8440
    5.2812    9.7930
    5.2812    9.7580
    5.2812    9.7740
    5.4256    9.8250
    5.4256    9.7580
    5.4256    9.2770
    5.5699    9.4010
    5.7142    9.5060
    5.7142    9.5360
    5.8586    9.4410
    5.8586    9.5170
    6.0029    9.6310
    6.0029    9.6210
    6.1472    9.5590
    6.2916    9.5650
    6.4359    9.6380
    6.5803    9.5550
    6.5803    9.7100
    6.5803    9.7380
    6.7246    9.7750
    6.8689    9.7600
    7.0133    9.6400
    7.5133    9.7600
    7.6576    9.7820
    7.8019    9.8280
    7.8019    9.7590
    7.8019    9.6520
    7.9463    9.6710
    8.0906    9.7220
    8.3263    9.7710
    8.4707    9.7830
    8.6150    9.7970
    8.6150    9.7600
    8.7817    9.7690

    0.0000   10.4220
    0.1443   10.4090
    0.2887   10.3500
    0.4330   10.2160
    0.5773   10.0270
    0.7217    9.8390
    0.7217    9.7470
    0.7217   10.4060
    0.8660   10.3610
    1.0104   10.2290
    1.1547   10.0230
    1.2990    9.8140
    1.2990    9.7370
    1.4434    9.7560
    1.5877    9.8790
    1.7321   10.0860
    1.8764   10.2720
    2.0207   10.3750
    2.4290   10.3490
    2.5733   10.2460
    2.7176   10.0290
    2.8620    9.7780
    2.8620    9.7350
    3.0063    9.8310
    3.1507    9.7670
    3.2950    9.9090
    3.4393   10.1160
    4.1265   10.2240
    4.2709   10.0520
    4.4152    9.7990
    4.4152    9.8080
    4.5595    9.8940
    4.7039    9.8660
    4.8482    9.7700
    4.8482    9.9900
    4.9925    9.8420
    4.9925    9.8820
    5.1369    9.9450
    5.2812    9.9800
    5.2812    9.7580
    5.2812    9.8250
    5.4256    9.9190
    5.4256    9.7580
    5.4256   10.2780
    5.5699   10.1010
    5.7142    9.8770
    5.7142    9.7350
    5.8586    9.7770
    5.8586   10.1050
    6.0029    9.8740
    6.0029    9.7300
    6.1472    9.7990
    6.2916    9.8070
    6.4359    9.7570
    6.5803    9.9070
    6.5803    9.8820
    6.5803    9.8010
    6.7246    9.8580
    6.8689    9.8740
    7.0133    9.8410
    7.5133    9.8600
    7.6576    9.9500
    7.8019    9.9800
    7.8019    9.8940
    7.8019    9.7570
    7.9463    9.7960
    8.0906    9.8080
    8.3263    9.8590
    8.4707    9.9220
    8.6150    9.8240
    8.6150   10.0410
    8.7817    9.9790

    0.0000   10.4220
    0.1443   10.4090
    0.2887   10.3500
    0.4330   10.2160
    0.5773   10.0270
    0.7217    9.8390
    0.7217    9.7470
    0.7217   10.4060
    0.8660   10.3710
    1.0104   10.2860
    1.1547   10.1290
    1.2990    9.9630
    1.2990    9.8170
    1.4434    9.8480
    1.5877   10.0230
    1.7321   10.1970
    1.8764   10.3240
    2.0207   10.3880
    2.4290   10.3530
    2.5733   10.3020
    2.7176   10.2010
    2.8620   10.0570
    2.8620    9.9470
    3.0063    9.8560
    3.1507   10.0090
    3.2950   10.1550
    3.4393   10.2660
    4.1265   10.2870
    4.2709   10.2430
    4.4152   10.1520
    4.4152   10.0540
    4.5595    9.9780
    4.7039    9.9930
    4.8482   10.0880
    4.8482   10.2500
    4.9925   10.2180
    4.9925   10.1500
    5.1369   10.0730
    5.2812    9.9930
    5.2812   10.2370
    5.2812   10.2130
    5.4256   10.1540
    5.4256   10.2330
    5.4256   10.3300
    5.5699   10.2420
    5.7142   10.0980
    5.7142    9.9580
    5.8586    9.8580
    5.8586   10.2550
    6.0029   10.1670
    6.0029   10.0620
    6.1472    9.9960
    6.2916    9.9960
    6.4359   10.0860
    6.5803   10.1740
    6.5803   10.2090
    6.5803   10.1460
    6.7246   10.0840
    6.8689   10.0700
    7.0133   10.0760
    7.5133   10.1970
    7.6576   10.1490
    7.8019   10.1020
    7.8019   10.1950
    7.8019   10.1330
    7.9463   10.0960
    8.0906   10.0860
    8.3263   10.1330
    8.4707   10.1120
    8.6150   10.1150
    8.6150   10.1420
    8.7817   10.0530

    0.0000   10.7730
    0.1443   10.6960
    0.2887   10.5000
    0.4330   10.2690
    0.5773   10.0970
    0.7217   10.0120
    0.7217    9.9890
    0.7217   10.7150
    0.8660   10.5710
    1.0104   10.3520
    1.1547   10.1720
    1.2990   10.0550
    1.2990   10.0050
    1.4434   10.0120
    1.5877   10.0730
    1.7321   10.2050
    1.8764   10.4040
    2.0207   10.6000
    2.4290   10.6190
    2.5733   10.4640
    2.7176   10.2860
    2.8620   10.1670
    2.8620   10.0700
    3.0063   10.0410
    3.1507   10.0750
    3.2950   10.1580
    3.4393   10.2750
    4.1265   10.5500
    4.2709   10.4340
    4.4152   10.3220
    4.4152   10.2240
    4.5595   10.1270
    4.7039   10.1060
    4.8482   10.1160
    4.8482   10.4990
    4.9925   10.4470
    4.9925   10.3820
    5.1369   10.2980
    5.2812   10.1910
    5.2812   10.4660
    5.2812   10.4440
    5.4256   10.4000
    5.4256   10.4560
    5.4256   10.4540
    5.5699   10.2840
    5.7142   10.1520
    5.7142   10.0600
    5.8586   10.0260
    5.8586   10.3790
    6.0029   10.2680
    6.0029   10.1760
    6.1472   10.0910
    6.2916   10.0820
    6.4359   10.1270
    6.5803   10.2050
    6.5803   10.3970
    6.5803   10.3320
    6.7246   10.2450
    6.8689   10.1550
    7.0133   10.1230
    7.5133   10.4250
    7.6576   10.3650
    7.8019   10.2560
    7.8019   10.4280
    7.8019   10.2310
    7.9463   10.1840
    8.0906   10.1420
    8.3263   10.2840
    8.4707   10.1820
    8.6150   10.1700
    8.6150   10.2200
    8.7817   10.1620

    0.0000   10.7730
    0.1443   10.7620
    0.2887   10.7460
    0.4330   10.7610
    0.5773   10.8060
    0.7217   10.8510
    0.7217   10.8710
    0.7217   10.7400
    0.8660   10.7140
    1.0104   10.7310
    1.1547   10.7800
    1.2990   10.8280
    1.2990   10.8420
    1.4434   10.8170
    1.5877   10.7800
    1.7321   10.7530
    1.8764   10.7320
    2.0207   10.7260
    2.4290   10.6660
    2.5733   10.6710
    2.7176   10.7390
    2.8620   10.7770
    2.8620   10.7630
    3.0063   10.7320
    3.1507   10.7090
    3.2950   10.7070
    3.4393   10.7260
    4.1265   10.6330
    4.2709   10.6990
    4.4152   10.7100
    4.4152   10.6610
    4.5595   10.6180
    4.7039   10.6110
    4.8482   10.6470
    4.8482   10.7950
    4.9925   10.7380
    4.9925   10.6270
    5.1369   10.5410
    5.2812   10.5360
    5.2812   10.7960
    5.2812   10.7150
    5.4256   10.5900
    5.4256   10.7750
    5.4256   10.7050
    5.5699   10.7250
    5.7142   10.7370
    5.7142   10.7550
    5.8586   10.7600
    5.8586   10.6900
    6.0029   10.6900
    6.0029   10.6680
    6.1472   10.6360
    6.2916   10.6280
    6.4359   10.6500
    6.5803   10.6870
    6.5803   10.6840
    6.5803   10.6090
    6.7246   10.5330
    6.8689   10.5040
    7.0133   10.5540
    7.5133   10.6580
    7.6576   10.5340
    7.8019   10.4670
    7.8019   10.6420
    7.8019   10.6030
    7.9463   10.5230
    8.0906   10.4890
    8.3263   10.4890
    8.4707   10.4370
    8.6150   10.4370
    8.6150   10.4610
    8.7817   10.4300

    0.0000   10.7730
    0.1443   10.7620
    0.2887   10.7460
    0.4330   10.7610
    0.5773   10.8060
    0.7217   10.8510
    0.7217   10.8710
    0.7217   10.7400
    0.8660   10.7400
    1.0104   10.7510
    1.1547   10.7880
    1.2990   10.8350
    1.2990   10.8770
    1.4434   10.8910
    1.5877   10.8570
    1.7321   10.7890
    1.8764   10.7480
    2.0207   10.7600
    2.4290   10.6660
    2.5733   10.7040
    2.7176   10.7570
    2.8620   10.8210
    2.8620   10.8970
    3.0063   10.9240
    3.1507   10.9200
    3.2950   10.8690
    3.4393   10.7750
    4.1265   10.6330
    4.2709   10.7280
    4.4152   10.8460
    4.4152   10.9630
    4.5595   10.9600
    4.7039   10.8940
    4.8482   10.9460
    4.8482   10.7950
    4.9925   10.9770
    4.9925   11.1440
    5.1369   11.1610
    5.2812   10.9280
    5.2812   11.2030
    5.2812   11.3720
    5.4256   11.3850
    5.4256   11.4900
    5.4256   10.7310
    5.5699   10.7700
    5.7142   10.8530
    5.7142   10.9060
    5.8586   10.9320
    5.8586   10.7340
    6.0029   10.8490
    6.0029   10.9420
    6.1472   11.0180
    6.2916   10.9810
    6.4359   10.9530
    6.5803   10.8700
    6.5803   10.8780
    6.5803   11.0390
    6.7246   11.1390
    6.8689   11.0630
    7.0133   10.9640
    7.5133   11.2000
    7.6576   11.2980
    7.8019   11.2640
    7.8019   11.4080
    7.8019   11.0210
    7.9463   11.1090
    8.0906   11.1690
    8.3263   11.2000
    8.4707   11.2530
    8.6150   11.2090
    8.6150   11.3160
    8.7817   11.2830

    0.0000   11.3070
    0.1443   11.3040
    0.2887   11.3020
    0.4330   11.3080
    0.5773   11.3200
    0.7217   11.3310
    0.7217   11.3360
    0.7217   11.2630
    0.8660   11.2250
    1.0104   11.2080
    1.1547   11.2220
    1.2990   11.2680
    1.2990   11.3280
    1.4434   11.2780
    1.5877   11.2270
    1.7321   11.2090
    1.8764   11.2220
    2.0207   11.2590
    2.4290   11.1420
    2.5733   11.0890
    2.7176   11.0960
    2.8620   11.1890
    2.8620   11.3140
    3.0063   11.2610
    3.1507   11.1340
    3.2950   11.0840
    3.4393   11.1370
    4.1265   10.9890
    4.2709   10.9680
    4.4152   11.1180
    4.4152   11.3120
    4.5595   11.3740
    4.7039   11.1880
    4.8482   11.0290
    4.8482   10.8640
    4.9925   11.0840
    4.9925   11.3410
    5.1369   11.4680
    5.2812   11.3280
    5.2812   11.2030
    5.2812   11.4210
    5.4256   11.4940
    5.4256   11.4900
    5.4256   11.1650
    5.5699   11.1280
    5.7142   11.1430
    5.7142   11.2230
    5.8586   11.2880
    5.8586   11.0340
    6.0029   11.0580
    6.0029   11.1890
    6.1472   11.3000
    6.2916   11.2210
    6.4359   11.0710
    6.5803   11.0470
    6.5803   11.0070
    6.5803   11.1990
    6.7246   11.3870
    6.8689   11.3480
    7.0133   11.1800
    7.5133   11.2800
    7.6576   11.4830
    7.8019   11.5050
    7.8019   11.5270
    7.8019   11.0650
    7.9463   11.2370
    8.0906   11.3860
    8.3263   11.3790
    8.4707   11.5400
    8.6150   11.4310
    8.6150   11.5980
    8.7817   11.6390

    0.0000   11.3070
    0.1443   11.3040
    0.2887   11.3020
    0.4330   11.3080
    0.5773   11.3200
    0.7217   11.3310
    0.7217   11.3360
    0.7217   11.3350
    0.8660   11.3510
    1.0104   11.3630
    1.1547   11.3700
    1.2990   11.3630
    1.2990   11.3330
    1.4434   11.3720
    1.5877   11.3870
    1.7321   11.3790
    1.8764   11.3600
    2.0207   11.3360
    2.4290   11.3710
    2.5733   11.3800
    2.7176   11.3840
    2.8620   11.3780
    2.8620   11.3490
    3.0063   11.4000
    3.1507   11.4330
    3.2950   11.4270
    3.4393   11.4000
    4.1265   11.3830
    4.2709   11.3880
    4.4152   11.4000
    4.4152   11.4250
    4.5595   11.4300
    4.7039   11.4680
    4.8482   11.4590
    4.8482   11.4010
    4.9925   11.4400
    4.9925   11.5600
    5.1369   11.5960
    5.2812   11.4900
    5.2812   11.5100
    5.2812   11.6870
    5.4256   11.8660
    5.4256   11.7540
    5.4256   11.3730
    5.5699   11.3920
    5.7142   11.4020
    5.7142   11.3940
    5.8586   11.3730
    5.8586   11.3880
    6.0029   11.4020
    6.0029   11.4150
    6.1472   11.4320
    6.2916   11.4460
    6.4359   11.4450
    6.5803   11.4230
    6.5803   11.4070
    6.5803   11.4600
    6.7246   11.5940
    6.8689   11.5100
    7.0133   11.4840
    7.5133   11.5430
    7.6576   11.7860
    7.8019   11.5860
    7.8019   11.8930
    7.8019   11.4440
    7.9463   11.5030
    8.0906   11.6110
    8.3263   11.5950
    8.4707   11.7600
    8.6150   11.5980
    8.6150   11.8670
    8.7817   11.7580

    0.0000   20.0190
    0.1443   18.9370
    0.2887   16.9160
    0.4330   15.0630
    0.5773   13.5060
    0.7217   12.4100
    0.7217   12.0030
    0.7217   19.4430
    0.8660   17.5680
    1.0104   15.6510
    1.1547   13.9790
    1.2990   12.6960
    1.2990   12.0230
    1.4434   12.1720
    1.5877   13.0810
    1.7321   14.5150
    1.8764   16.2810
    2.0207   18.2170
    2.4290   17.8000
    2.5733   16.1870
    2.7176   14.4620
    2.8620   13.0230
    2.8620   12.0880
    3.0063   11.9900
    3.1507   12.7410
    3.2950   14.0380
    3.4393   15.5310
    4.1265   16.2950
    4.2709   14.8150
    4.4152   13.3560
    4.4152   12.2160
    4.5595   11.8790
    4.7039   12.5380
    4.8482   13.5170
    4.8482   14.5110
    4.9925   13.4650
    4.9925   12.4120
    5.1369   11.9200
    5.2812   12.4700
    5.2812   12.9690
    5.2812   12.3700
    5.4256   12.0550
    5.4256   12.1700
    5.4256   16.7740
    5.5699   15.0640
    5.7142   13.5090
    5.7142   12.3760
    5.8586   11.9310
    5.8586   15.3760
    6.0029   13.9260
    6.0029   12.6360
    6.1472   11.8950
    6.2916   12.1550
    6.4359   13.1450
    6.5803   14.3840
    6.5803   14.0260
    6.5803   12.9020
    6.7246   11.9410
    6.8689   12.1040
    7.0133   12.8180
    7.5133   12.8100
    7.6576   12.1490
    7.8019   12.3230
    7.8019   12.0710
    7.8019   13.3580
    7.9463   12.4090
    8.0906   11.7900
    8.3263   12.5220
    8.4707   12.0590
    8.6150   12.3670
    8.6150   12.1640
    8.7817   12.5030

    0.0000   21.1510
    0.1443   20.2380
    0.2887   19.5020
    0.4330   18.7730
    0.5773   18.1820
    0.7217   17.7930
    0.7217   17.6570
    0.7217   19.4430
    0.8660   18.6400
    1.0104   17.9660
    1.1547   17.4730
    1.2990   17.2200
    1.2990   17.0000
    1.4434   16.7990
    1.5877   16.8710
    1.7321   17.1850
    1.8764   17.6780
    2.0207   18.3250
    2.4290   17.8000
    2.5733   17.0840
    2.7176   16.5640
    2.8620   16.3070
    2.8620   15.7460
    3.0063   15.3780
    3.1507   15.2820
    3.2950   15.4660
    3.4393   16.0200
    4.1265   16.2950
    4.2709   15.6900
    4.4152   15.1680
    4.4152   14.5190
    4.5595   14.0450
    4.7039   13.8490
    4.8482   14.1410
    4.8482   14.9690
    4.9925   14.3060
    4.9925   13.5780
    5.1369   12.9910
    5.2812   12.8250
    5.2812   13.9050
    5.2812   13.3010
    5.4256   12.6280
    5.4256   13.4120
    5.4256   17.0810
    5.5699   16.4420
    5.7142   16.0830
    5.7142   15.9450
    5.8586   15.9530
    5.8586   15.8320
    6.0029   15.2500
    6.0029   14.9780
    6.1472   14.7360
    6.2916   14.5180
    6.4359   14.5360
    6.5803   14.9860
    6.5803   14.6630
    6.5803   14.1050
    6.7246   13.6520
    6.8689   13.2870
    7.0133   13.3860
    7.5133   13.6980
    7.6576   13.0010
    7.8019   12.4470
    7.8019   13.2470
    7.8019   14.0340
    7.9463   13.7060
    8.0906   13.7160
    8.3263   13.2510
    8.4707   12.8990
    8.6150   12.7840
    8.6150   12.8880
    8.7817   12.5050

    0.0000   21.1510
    0.1443   20.3180
    0.2887   19.5020
    0.4330   18.7730
    0.5773   18.1820
    0.7217   17.7930
    0.7217   17.6570
    0.7217   19.6660
    0.8660   19.4300
    1.0104   18.8180
    1.1547   18.1010
    1.2990   17.4560
    1.2990   17.2510
    1.4434   17.5830
    1.5877   18.1840
    1.7321   18.9980
    1.8764   19.9500
    2.0207   20.6590
    2.4290   18.4520
    2.5733   17.8030
    2.7176   17.0520
    2.8620   16.3310
    2.8620   16.3710
    3.0063   16.7660
    3.1507   17.4480
    3.2950   18.3330
    3.4393   19.3000
    4.1265   16.4350
    4.2709   15.8730
    4.4152   15.3590
    4.4152   15.3820
    4.5595   15.7800
    4.7039   16.4860
    4.8482   17.3860
    4.8482   14.9690
    4.9925   14.5140
    4.9925   14.4520
    5.1369   14.8350
    5.2812   15.5640
    5.2812   13.9050
    5.2812   13.7190
    5.4256   14.0800
    5.4256   13.4120
    5.4256   19.1960
    5.5699   18.3790
    5.7142   17.5750
    5.7142   16.9340
    5.8586   16.6510
    5.8586   17.1210
    6.0029   16.4030
    6.0029   15.8210
    6.1472   15.6940
    6.2916   16.0900
    6.4359   16.7760
    6.5803   17.5920
    6.5803   15.2980
    6.5803   14.7730
    6.7246   14.7320
    6.8689   15.1910
    7.0133   15.9270
    7.5133   13.9520
    7.6576   13.8830
    7.8019   14.3960
    7.8019   13.3590
    7.8019   15.6800
    7.9463   15.0350
    8.0906   14.7350
    8.3263   14.0930
    8.4707   13.8390
    8.6150   14.2930
    8.6150   13.2810
    8.7817   13.2510

    0.0000   21.1510
    0.1443   20.3180
    0.2887   20.2160
    0.4330   20.1280
    0.5773   20.0000
    0.7217   19.8990
    0.7217   19.8620
    0.7217   20.1640
    0.8660   20.3090
    1.0104   20.0620
    1.1547   19.8060
    1.2990   19.6810
    1.2990   19.6680
    1.4434   19.7630
    1.5877   19.9690
    1.7321   20.2830
    1.8764   20.6480
    2.0207   20.8600
    2.4290   19.3070
    2.5733   19.4670
    2.7176   19.4430
    2.8620   19.3980
    2.8620   19.4320
    3.0063   19.5550
    3.1507   19.7780
    3.2950   20.1090
    3.4393   20.5360
    4.1265   19.0690
    4.2709   19.1810
    4.4152   19.2120
    4.4152   19.2550
    4.5595   19.3620
    4.7039   19.5430
    4.8482   19.7990
    4.8482   18.9530
    4.9925   19.0630
    4.9925   19.1280
    5.1369   19.2130
    5.2812   19.3500
    5.2812   18.9070
    5.2812   19.0230
    5.4256   19.1080
    5.4256   18.8960
    5.4256   20.1860
    5.5699   20.1860
    5.7142   19.9920
    5.7142   19.8660
    5.8586   19.8230
    5.8586   19.7270
    6.0029   19.8270
    6.0029   19.8220
    6.1472   19.9000
    6.2916   20.0790
    6.4359   20.3670
    6.5803   20.7110
    6.5803   19.4910
    6.5803   19.6530
    6.7246   19.7460
    6.8689   19.9180
    7.0133   20.1690
    7.5133   19.3890
    7.6576   19.5870
    7.8019   19.7270
    7.8019   19.3600
    7.8019   20.7800
    7.9463   20.8390
    8.0906   20.8270
    8.3263   20.6210
    8.4707   20.9270
    8.6150   21.1620
    8.6150   20.5720
    8.7817   22.1920

    0.0000   21.2260
    0.1443   21.8670
    0.2887   21.8660
    0.4330   21.6930
    0.5773   21.5500
    0.7217   21.4650
    0.7217   21.4210
    0.7217   21.5140
    0.8660   21.1080
    1.0104   21.8300
    1.1547   21.9030
    1.2990   21.8990
    1.2990   21.7420
    1.4434   21.5820
    1.5877   21.4700
    1.7321   21.4020
    1.8764   21.3600
    2.0207   21.3460
    2.4290   20.3500
    2.5733   20.3320
    2.7176   21.2680
    2.8620   22.5150
    2.8620   22.6620
    3.0063   22.3710
    3.1507   22.1380
    3.2950   21.9460
    3.4393   21.5900
    4.1265   19.6990
    4.2709   19.8850
    4.4152   20.9010
    4.4152   22.2780
    4.5595   23.5680
    4.7039   23.2770
    4.8482   22.8100
    4.8482   19.3880
    4.9925   19.6640
    4.9925   20.7190
    5.1369   22.1530
    5.2812   23.7040
    5.2812   19.2560
    5.2812   19.5790
    5.4256   20.6650
    5.4256   19.2210
    5.4256   20.7930
    5.5699   21.3660
    5.7142   21.6640
    5.7142   21.5750
    5.8586   21.5340
    5.8586   20.2200
    6.0029   21.0570
    6.0029   22.2130
    6.1472   22.1540
    6.2916   21.9120
    6.4359   21.6680
    6.5803   21.1590
    6.5803   19.9000
    6.5803   20.8280
    6.7246   22.2380
    6.8689   23.0450
    7.0133   22.4930
    7.5133   19.7540
    7.6576   20.7280
    7.8019   22.1950
    7.8019   19.7140
    7.8019   21.0110
    7.9463   21.8160
    8.0906   21.8920
    8.3263   21.0270
    8.4707   22.3270
    8.6150   22.3130
    8.6150   21.0180
    8.7817   22.3160

    0.0000   21.2260
    0.1443   22.0330
    0.2887   22.0820
    0.4330   21.8270
    0.5773   21.6080
    0.7217   21.4680
    0.7217   21.4210
    0.7217   21.9150
    0.8660   22.0020
    1.0104   21.9140
    1.1547   22.3030
    1.2990   22.1350
    1.2990   21.8750
    1.4434   21.6800
    1.5877   21.5670
    1.7321   21.5410
    1.8764   21.5580
    2.0207   21.5220
    2.4290   23.2660
    2.5733   23.3890
    2.7176   23.2770
    2.8620   23.0520
    2.8620   22.9110
    3.0063   22.5860
    3.1507   22.3190
    3.2950   22.1140
    3.4393   21.8620
    4.1265   24.3400
    4.2709   24.5740
    4.4152   24.3690
    4.4152   23.9900
    4.5595   23.7570
    4.7039   23.3160
    4.8482   22.8710
    4.8482   25.6690
    4.9925   25.9230
    4.9925   25.5940
    5.1369   24.9840
    5.2812   24.2350
    5.2812   27.2350
    5.2812   27.0580
    5.4256   26.1290
    5.4256   28.4500
    5.4256   22.3990
    5.5699   22.2720
    5.7142   22.6800
    5.7142   22.9250
    5.8586   23.0960
    5.8586   23.3150
    6.0029   22.9450
    6.0029   22.7270
    6.1472   23.8280
    6.2916   23.8300
    6.4359   22.9410
    6.5803   22.2850
    6.5803   24.3870
    6.5803   23.9360
    6.7246   23.4770
    6.8689   23.7770
    7.0133   23.3380
    7.5133   25.5700
    7.6576   25.0060
    7.8019   24.2640
    7.8019   26.3860
    7.8019   22.5540
    7.9463   22.7260
    8.0906   23.8860
    8.3263   23.4120
    8.4707   22.9630
    8.6150   23.1190
    8.6150   24.2320
    8.7817   22.5910

    0.0000   21.2260
    0.1443   22.0330
    0.2887   22.0820
    0.4330   21.8270
    0.5773   21.6080
    0.7217   21.4680
    0.7217   21.4370
    0.7217   22.6500
    0.8660   22.8000
    1.0104   22.6850
    1.1547   22.4270
    1.2990   22.1900
    1.2990   22.3320
    1.4434   22.6020
    1.5877   22.9100
    1.7321   23.1470
    1.8764   22.4740
    2.0207   22.1180
    2.4290   23.3280
    2.5733   23.5940
    2.7176   23.5310
    2.8620   23.2540
    2.8620   23.6580
    3.0063   24.1190
    3.1507   24.1840
    3.2950   23.2590
    3.4393   22.5200
    4.1265   24.3400
    4.2709   24.6890
    4.4152   24.5630
    4.4152   24.1910
    4.5595   23.8250
    4.7039   24.4120
    4.8482   23.4350
    4.8482   25.6690
    4.9925   25.9670
    4.9925   25.6040
    5.1369   25.1590
    5.2812   24.6120
    5.2812   27.2350
    5.2812   27.3700
    5.4256   26.7340
    5.4256   28.4790
    5.4256   22.6970
    5.5699   22.7710
    5.7142   23.1420
    5.7142   23.6160
    5.8586   23.4260
    5.8586   24.1200
    6.0029   24.4030
    6.0029   24.5130
    6.1472   24.3640
    6.2916   24.4620
    6.4359   23.8650
    6.5803   23.4340
    6.5803   25.5690
    6.5803   25.8800
    6.7246   25.5670
    6.8689   24.5800
    7.0133   24.7230
    7.5133   27.1040
    7.6576   26.5570
    7.8019   25.2060
    7.8019   27.5570
    7.8019   25.1470
    7.9463   25.5600
    8.0906   24.2950
    8.3263   26.0550
    8.4707   24.4060
    8.6150   24.0290
    8.6150   25.1390
    8.7817   23.2100

    0.0000   22.0930
    0.1443   22.4300
    0.2887   22.7550
    0.4330   23.6940
    0.5773   25.0600
    0.7217   26.4640
    0.7217   26.9920
    0.7217   22.6500
    0.8660   22.8270
    1.0104   22.7220
    1.1547   23.2280
    1.2990   24.6100
    1.2990   26.0490
    1.4434   26.2920
    1.5877   24.8480
    1.7321   23.5100
    1.8764   22.8730
    2.0207   22.3320
    2.4290   23.3280
    2.5733   23.8530
    2.7176   23.8610
    2.8620   23.9330
    2.8620   24.5750
    3.0063   25.9290
    3.1507   25.1930
    3.2950   24.0000
    3.4393   23.0850
    4.1265   25.0060
    4.2709   25.6560
    4.4152   25.8000
    4.4152   25.9520
    4.5595   25.9380
    4.7039   25.6480
    4.8482   24.5670
    4.8482   26.9400
    4.9925   27.5870
    4.9925   27.5630
    5.1369   26.5050
    5.2812   25.1680
    5.2812   28.4650
    5.2812   28.7980
    5.4256   27.2330
    5.4256   28.4790
    5.4256   23.5410
    5.5699   24.0040
    5.7142   24.0000
    5.7142   24.5830
    5.8586   25.9090
    5.8586   24.8790
    6.0029   25.3120
    6.0029   25.2570
    6.1472   25.3860
    6.2916   25.3890
    6.4359   25.4590
    6.5803   24.7410
    6.5803   26.7100
    6.5803   26.9250
    6.7246   26.2550
    6.8689   25.4320
    7.0133   25.4840
    7.5133   28.1000
    7.6576   27.2750
    7.8019   26.4880
    7.8019   28.2140
    7.8019   26.6030
    7.9463   25.7370
    8.0906   25.8410
    8.3263   26.8270
    8.4707   27.0690
    8.6150   26.5650
    8.6150   27.8220
    8.7817   27.6770

