# Grace project file
#
@version 50125
@page size 792, 612
@page scroll 5%
@page inout 5%
@link page off
@map font 8 to "Courier", "Courier"
@map font 10 to "Courier-Bold", "Courier-Bold"
@map font 11 to "Courier-BoldOblique", "Courier-BoldOblique"
@map font 9 to "Courier-Oblique", "Courier-Oblique"
@map font 4 to "Helvetica", "Helvetica"
@map font 6 to "Helvetica-Bold", "Helvetica-Bold"
@map font 7 to "Helvetica-BoldOblique", "Helvetica-BoldOblique"
@map font 5 to "Helvetica-Oblique", "Helvetica-Oblique"
@map font 18 to "NimbusMonoL-Bold", "NimbusMonoL-Bold"
@map font 19 to "NimbusMonoL-BoldOblique", "NimbusMonoL-BoldOblique"
@map font 20 to "NimbusMonoL-Regular", "NimbusMonoL-Regular"
@map font 21 to "NimbusMonoL-RegularOblique", "NimbusMonoL-RegularOblique"
@map font 22 to "NimbusMonoPS-Bold", "NimbusMonoPS-Bold"
@map font 23 to "NimbusMonoPS-BoldItalic", "NimbusMonoPS-BoldItalic"
@map font 24 to "NimbusMonoPS-Italic", "NimbusMonoPS-Italic"
@map font 25 to "NimbusMonoPS-Regular", "NimbusMonoPS-Regular"
@map font 26 to "NimbusRoman-Bold", "NimbusRoman-Bold"
@map font 27 to "NimbusRoman-BoldItalic", "NimbusRoman-BoldItalic"
@map font 28 to "NimbusRoman-Italic", "NimbusRoman-Italic"
@map font 29 to "NimbusRoman-Regular", "NimbusRoman-Regular"
@map font 30 to "NimbusRomanNo9L-Medium", "NimbusRomanNo9L-Medium"
@map font 31 to "NimbusRomanNo9L-MediumItalic", "NimbusRomanNo9L-MediumItalic"
@map font 32 to "NimbusRomanNo9L-Regular", "NimbusRomanNo9L-Regular"
@map font 33 to "NimbusRomanNo9L-RegularItalic", "NimbusRomanNo9L-RegularItalic"
@map font 34 to "NimbusSans-Bold", "NimbusSans-Bold"
@map font 35 to "NimbusSans-BoldItalic", "NimbusSans-BoldItalic"
@map font 36 to "NimbusSans-Italic", "NimbusSans-Italic"
@map font 37 to "NimbusSans-Regular", "NimbusSans-Regular"
@map font 38 to "NimbusSansL-Bold", "NimbusSansL-Bold"
@map font 39 to "NimbusSansL-BoldCondensed", "NimbusSansL-BoldCondensed"
@map font 40 to "NimbusSansL-BoldCondensedItalic", "NimbusSansL-BoldCondensedItalic"
@map font 41 to "NimbusSansL-BoldItalic", "NimbusSansL-BoldItalic"
@map font 42 to "NimbusSansL-Regular", "NimbusSansL-Regular"
@map font 43 to "NimbusSansL-RegularCondensed", "NimbusSansL-RegularCondensed"
@map font 44 to "NimbusSansL-RegularCondensedItalic", "NimbusSansL-RegularCondensedItalic"
@map font 45 to "NimbusSansL-RegularItalic", "NimbusSansL-RegularItalic"
@map font 46 to "NimbusSansNarrow-Bold", "NimbusSansNarrow-Bold"
@map font 47 to "NimbusSansNarrow-BoldOblique", "NimbusSansNarrow-BoldOblique"
@map font 48 to "NimbusSansNarrow-Oblique", "NimbusSansNarrow-Oblique"
@map font 49 to "NimbusSansNarrow-Regular", "NimbusSansNarrow-Regular"
@map font 50 to "P052-Bold", "P052-Bold"
@map font 51 to "P052-BoldItalic", "P052-BoldItalic"
@map font 52 to "P052-Italic", "P052-Italic"
@map font 53 to "P052-Roman", "P052-Roman"
@map font 54 to "StandardSymbolsL-Regular", "StandardSymbolsL-Regular"
@map font 55 to "StandardSymbolsPS-Regular", "StandardSymbolsPS-Regular"
@map font 12 to "Symbol", "Symbol"
@map font 2 to "Times-Bold", "Times-Bold"
@map font 3 to "Times-BoldItalic", "Times-BoldItalic"
@map font 1 to "Times-Italic", "Times-Italic"
@map font 0 to "Times-Roman", "Times-Roman"
@map font 61 to "URWBookman-Demi", "URWBookman-Demi"
@map font 62 to "URWBookman-DemiItalic", "URWBookman-DemiItalic"
@map font 63 to "URWBookman-Light", "URWBookman-Light"
@map font 64 to "URWBookman-LightItalic", "URWBookman-LightItalic"
@map font 65 to "URWBookmanL-DemiBold", "URWBookmanL-DemiBold"
@map font 66 to "URWBookmanL-DemiBoldItalic", "URWBookmanL-DemiBoldItalic"
@map font 67 to "URWBookmanL-Light", "URWBookmanL-Light"
@map font 68 to "URWBookmanL-LightItalic", "URWBookmanL-LightItalic"
@map font 69 to "URWChanceryL-MediumItalic", "URWChanceryL-MediumItalic"
@map font 70 to "URWGothic-Book", "URWGothic-Book"
@map font 71 to "URWGothic-BookOblique", "URWGothic-BookOblique"
@map font 72 to "URWGothic-Demi", "URWGothic-Demi"
@map font 73 to "URWGothic-DemiOblique", "URWGothic-DemiOblique"
@map font 74 to "URWGothicL-Book", "URWGothicL-Book"
@map font 75 to "URWGothicL-BookOblique", "URWGothicL-BookOblique"
@map font 76 to "URWGothicL-Demi", "URWGothicL-Demi"
@map font 77 to "URWGothicL-DemiOblique", "URWGothicL-DemiOblique"
@map font 78 to "URWPalladioL-Bold", "URWPalladioL-Bold"
@map font 79 to "URWPalladioL-BoldItalic", "URWPalladioL-BoldItalic"
@map font 80 to "URWPalladioL-Italic", "URWPalladioL-Italic"
@map font 81 to "URWPalladioL-Roman", "URWPalladioL-Roman"
@map font 82 to "Z003-MediumItalic", "Z003-MediumItalic"
@map font 13 to "ZapfDingbats", "ZapfDingbats"
@map color 0 to (255, 255, 255), "white"
@map color 1 to (0, 0, 0), "black"
@map color 2 to (255, 0, 0), "red"
@map color 3 to (0, 255, 0), "green"
@map color 4 to (0, 0, 255), "blue"
@map color 5 to (255, 255, 0), "yellow"
@map color 6 to (188, 143, 143), "brown"
@map color 7 to (220, 220, 220), "grey"
@map color 8 to (148, 0, 211), "violet"
@map color 9 to (0, 255, 255), "cyan"
@map color 10 to (255, 0, 255), "magenta"
@map color 11 to (255, 165, 0), "orange"
@map color 12 to (114, 33, 188), "indigo"
@map color 13 to (103, 7, 72), "maroon"
@map color 14 to (64, 224, 208), "turquoise"
@map color 15 to (0, 139, 0), "green4"
@reference date 0
@date wrap off
@date wrap year 1950
@default linewidth 1.0
@default linestyle 1
@default color 1
@default pattern 1
@default font 0
@default char size 1.000000
@default symbol size 1.000000
@default sformat "%.8g"
@background color 0
@page background fill on
@timestamp off
@timestamp 0.03, 0.03
@timestamp color 1
@timestamp rot 0
@timestamp font 0
@timestamp char size 1.000000
@timestamp def "Mon Sep 16 18:05:28 2024"
@r0 off
@link r0 to g0
@r0 type above
@r0 linestyle 1
@r0 linewidth 1.0
@r0 color 1
@r0 line 0, 0, 0, 0
@r1 off
@link r1 to g0
@r1 type above
@r1 linestyle 1
@r1 linewidth 1.0
@r1 color 1
@r1 line 0, 0, 0, 0
@r2 off
@link r2 to g0
@r2 type above
@r2 linestyle 1
@r2 linewidth 1.0
@r2 color 1
@r2 line 0, 0, 0, 0
@r3 off
@link r3 to g0
@r3 type above
@r3 linestyle 1
@r3 linewidth 1.0
@r3 color 1
@r3 line 0, 0, 0, 0
@r4 off
@link r4 to g0
@r4 type above
@r4 linestyle 1
@r4 linewidth 1.0
@r4 color 1
@r4 line 0, 0, 0, 0
@g0 on
@g0 hidden false
@g0 type XY
@g0 stacked false
@g0 bar hgap 0.000000
@g0 fixedpoint off
@g0 fixedpoint type 0
@g0 fixedpoint xy 0.000000, 0.000000
@g0 fixedpoint format general general
@g0 fixedpoint prec 6, 6
@with g0
@    world -6.1, -0.07, 22.9, 30
@    stack world 0, 0, 0, 0
@    znorm 1
@    view 0.150000, 0.150000, 1.150000, 0.850000
@    title ""
@    title font 0
@    title size 1.500000
@    title color 1
@    subtitle ""
@    subtitle font 0
@    subtitle size 1.000000
@    subtitle color 1
@    xaxes scale Normal
@    yaxes scale Normal
@    xaxes invert off
@    yaxes invert off
@    xaxis  on
@    xaxis  type zero false
@    xaxis  offset 0.000000 , 0.000000
@    xaxis  bar on
@    xaxis  bar color 1
@    xaxis  bar linestyle 1
@    xaxis  bar linewidth 1.0
@    xaxis  label ""
@    xaxis  label layout para
@    xaxis  label place auto
@    xaxis  label char size 1.000000
@    xaxis  label font 0
@    xaxis  label color 1
@    xaxis  label place normal
@    xaxis  tick on
@    xaxis  tick major 5
@    xaxis  tick minor ticks 1
@    xaxis  tick default 6
@    xaxis  tick place rounded true
@    xaxis  tick in
@    xaxis  tick major size 1.000000
@    xaxis  tick major color 1
@    xaxis  tick major linewidth 1.0
@    xaxis  tick major linestyle 1
@    xaxis  tick major grid off
@    xaxis  tick minor color 1
@    xaxis  tick minor linewidth 1.0
@    xaxis  tick minor linestyle 1
@    xaxis  tick minor grid off
@    xaxis  tick minor size 0.500000
@    xaxis  ticklabel on
@    xaxis  ticklabel format general
@    xaxis  ticklabel prec 5
@    xaxis  ticklabel formula ""
@    xaxis  ticklabel append ""
@    xaxis  ticklabel prepend ""
@    xaxis  ticklabel angle 0
@    xaxis  ticklabel skip 0
@    xaxis  ticklabel stagger 0
@    xaxis  ticklabel place normal
@    xaxis  ticklabel offset auto
@    xaxis  ticklabel offset 0.000000 , 0.010000
@    xaxis  ticklabel start type auto
@    xaxis  ticklabel start 0.000000
@    xaxis  ticklabel stop type auto
@    xaxis  ticklabel stop 0.000000
@    xaxis  ticklabel char size 1.000000
@    xaxis  ticklabel font 0
@    xaxis  ticklabel color 1
@    xaxis  tick place both
@    xaxis  tick spec type none
@    yaxis  on
@    yaxis  type zero false
@    yaxis  offset 0.000000 , 0.000000
@    yaxis  bar on
@    yaxis  bar color 1
@    yaxis  bar linestyle 1
@    yaxis  bar linewidth 1.0
@    yaxis  label ""
@    yaxis  label layout para
@    yaxis  label place auto
@    yaxis  label char size 1.000000
@    yaxis  label font 0
@    yaxis  label color 1
@    yaxis  label place normal
@    yaxis  tick on
@    yaxis  tick major 5
@    yaxis  tick minor ticks 1
@    yaxis  tick default 6
@    yaxis  tick place rounded true
@    yaxis  tick in
@    yaxis  tick major size 1.000000
@    yaxis  tick major color 1
@    yaxis  tick major linewidth 1.0
@    yaxis  tick major linestyle 1
@    yaxis  tick major grid off
@    yaxis  tick minor color 1
@    yaxis  tick minor linewidth 1.0
@    yaxis  tick minor linestyle 1
@    yaxis  tick minor grid off
@    yaxis  tick minor size 0.500000
@    yaxis  ticklabel on
@    yaxis  ticklabel format general
@    yaxis  ticklabel prec 5
@    yaxis  ticklabel formula ""
@    yaxis  ticklabel append ""
@    yaxis  ticklabel prepend ""
@    yaxis  ticklabel angle 0
@    yaxis  ticklabel skip 0
@    yaxis  ticklabel stagger 0
@    yaxis  ticklabel place normal
@    yaxis  ticklabel offset auto
@    yaxis  ticklabel offset 0.000000 , 0.010000
@    yaxis  ticklabel start type auto
@    yaxis  ticklabel start 0.000000
@    yaxis  ticklabel stop type auto
@    yaxis  ticklabel stop 0.000000
@    yaxis  ticklabel char size 1.000000
@    yaxis  ticklabel font 0
@    yaxis  ticklabel color 1
@    yaxis  tick place both
@    yaxis  tick spec type none
@    altxaxis  off
@    altyaxis  off
@    legend on
@    legend loctype view
@    legend 0.85, 0.8
@    legend box color 1
@    legend box pattern 1
@    legend box linewidth 1.0
@    legend box linestyle 1
@    legend box fill color 0
@    legend box fill pattern 1
@    legend font 0
@    legend char size 1.000000
@    legend color 1
@    legend length 4
@    legend vgap 1
@    legend hgap 1
@    legend invert false
@    frame type 0
@    frame linestyle 1
@    frame linewidth 1.0
@    frame color 1
@    frame pattern 1
@    frame background color 0
@    frame background pattern 0
@    s0 hidden false
@    s0 type xy
@    s0 symbol 0
@    s0 symbol size 1.000000
@    s0 symbol color 1
@    s0 symbol pattern 1
@    s0 symbol fill color 1
@    s0 symbol fill pattern 0
@    s0 symbol linewidth 1.0
@    s0 symbol linestyle 1
@    s0 symbol char 65
@    s0 symbol char font 0
@    s0 symbol skip 0
@    s0 line type 1
@    s0 line linestyle 1
@    s0 line linewidth 1.0
@    s0 line color 1
@    s0 line pattern 1
@    s0 baseline type 0
@    s0 baseline off
@    s0 dropline off
@    s0 fill type 0
@    s0 fill rule 0
@    s0 fill color 1
@    s0 fill pattern 1
@    s0 avalue off
@    s0 avalue type 2
@    s0 avalue char size 1.000000
@    s0 avalue font 0
@    s0 avalue color 1
@    s0 avalue rot 0
@    s0 avalue format general
@    s0 avalue prec 3
@    s0 avalue prepend ""
@    s0 avalue append ""
@    s0 avalue offset 0.000000 , 0.000000
@    s0 errorbar on
@    s0 errorbar place both
@    s0 errorbar color 1
@    s0 errorbar pattern 1
@    s0 errorbar size 1.000000
@    s0 errorbar linewidth 1.0
@    s0 errorbar linestyle 1
@    s0 errorbar riser linewidth 1.0
@    s0 errorbar riser linestyle 1
@    s0 errorbar riser clip off
@    s0 errorbar riser clip length 0.100000
@    s0 comment "cunipt_dos.dat"
@    s0 legend  ""
@target G0.S0
@type xy
-9 -1.209e-79
-8.99 -1.209e-79
-8.98 -1.209e-79
-8.97 -1.209e-79
-8.96 -1.208e-79
-8.95 -1.208e-79
-8.94 -1.208e-79
-8.93 -1.207e-79
-8.92 -1.207e-79
-8.91 -1.207e-79
-8.9 -1.206e-79
-8.89 -1.206e-79
-8.88 -1.206e-79
-8.87 -1.205e-79
-8.86 -1.205e-79
-8.85 -1.205e-79
-8.84 -1.205e-79
-8.83 -1.204e-79
-8.82 -1.204e-79
-8.81 -1.204e-79
-8.8 -1.203e-79
-8.79 -1.203e-79
-8.78 -1.203e-79
-8.77 -1.202e-79
-8.76 -1.202e-79
-8.75 -1.202e-79
-8.74 -1.202e-79
-8.73 -1.201e-79
-8.72 -1.201e-79
-8.71 -1.201e-79
-8.7 -1.2e-79
-8.69 -1.2e-79
-8.68 -1.2e-79
-8.67 -1.199e-79
-8.66 -1.199e-79
-8.65 -1.199e-79
-8.64 -1.199e-79
-8.63 -1.198e-79
-8.62 -1.198e-79
-8.61 -1.198e-79
-8.6 -1.197e-79
-8.59 -1.197e-79
-8.58 -1.197e-79
-8.57 -1.196e-79
-8.56 -1.196e-79
-8.55 -1.196e-79
-8.54 -1.196e-79
-8.53 -1.195e-79
-8.52 -1.195e-79
-8.51 -1.195e-79
-8.5 -1.194e-79
-8.49 -1.194e-79
-8.48 -1.194e-79
-8.47 -1.193e-79
-8.46 -1.193e-79
-8.45 -1.193e-79
-8.44 -1.193e-79
-8.43 -1.192e-79
-8.42 -1.192e-79
-8.41 -1.192e-79
-8.4 -1.191e-79
-8.39 -1.191e-79
-8.38 -1.191e-79
-8.37 -1.191e-79
-8.36 -1.19e-79
-8.35 -1.19e-79
-8.34 -1.19e-79
-8.33 -1.189e-79
-8.32 -1.189e-79
-8.31 -1.189e-79
-8.3 -1.189e-79
-8.29 -1.188e-79
-8.28 -1.188e-79
-8.27 -1.188e-79
-8.26 -1.187e-79
-8.25 -1.187e-79
-8.24 -1.187e-79
-8.23 -1.186e-79
-8.22 -1.186e-79
-8.21 -1.186e-79
-8.2 -1.186e-79
-8.19 -1.185e-79
-8.18 -1.185e-79
-8.17 -1.185e-79
-8.16 -1.184e-79
-8.15 -1.184e-79
-8.14 -1.184e-79
-8.13 -1.184e-79
-8.12 -1.183e-79
-8.11 -1.183e-79
-8.1 -1.183e-79
-8.09 -1.182e-79
-8.08 -1.182e-79
-8.07 -1.182e-79
-8.06 -1.182e-79
-8.05 -1.181e-79
-8.04 -1.181e-79
-8.03 -1.181e-79
-8.02 -1.181e-79
-8.01 -1.18e-79
-8 -1.18e-79
-7.99 -1.18e-79
-7.98 -1.179e-79
-7.97 -1.179e-79
-7.96 -1.179e-79
-7.95 -1.179e-79
-7.94 -1.178e-79
-7.93 -1.178e-79
-7.92 -1.178e-79
-7.91 -1.177e-79
-7.9 -1.177e-79
-7.89 -1.177e-79
-7.88 -1.177e-79
-7.87 -1.176e-79
-7.86 -1.176e-79
-7.85 -1.176e-79
-7.84 -1.175e-79
-7.83 -1.175e-79
-7.82 -1.175e-79
-7.81 -1.175e-79
-7.8 -1.174e-79
-7.79 -1.174e-79
-7.78 -1.174e-79
-7.77 -1.174e-79
-7.76 -1.173e-79
-7.75 -1.173e-79
-7.74 -1.173e-79
-7.73 -1.172e-79
-7.72 -1.172e-79
-7.71 -1.172e-79
-7.7 -1.172e-79
-7.69 -1.171e-79
-7.68 -1.171e-79
-7.67 -1.171e-79
-7.66 -1.171e-79
-7.65 -1.17e-79
-7.64 -1.17e-79
-7.63 -1.17e-79
-7.62 -1.169e-79
-7.61 -1.169e-79
-7.6 -1.169e-79
-7.59 -1.169e-79
-7.58 -1.168e-79
-7.57 -1.168e-79
-7.56 -1.168e-79
-7.55 -1.168e-79
-7.54 -1.167e-79
-7.53 -1.167e-79
-7.52 -1.167e-79
-7.51 -1.166e-79
-7.5 -1.166e-79
-7.49 -1.166e-79
-7.48 -1.166e-79
-7.47 -1.165e-79
-7.46 -1.165e-79
-7.45 -1.165e-79
-7.44 -1.165e-79
-7.43 -1.164e-79
-7.42 -1.164e-79
-7.41 -1.164e-79
-7.4 -1.164e-79
-7.39 -1.163e-79
-7.38 -1.163e-79
-7.37 -1.163e-79
-7.36 -1.162e-79
-7.35 -1.162e-79
-7.34 -1.162e-79
-7.33 -1.162e-79
-7.32 -1.161e-79
-7.31 -1.161e-79
-7.3 -1.161e-79
-7.29 -1.161e-79
-7.28 -1.16e-79
-7.27 -1.16e-79
-7.26 -1.16e-79
-7.25 -1.16e-79
-7.24 -1.159e-79
-7.23 -1.159e-79
-7.22 -1.159e-79
-7.21 -1.159e-79
-7.2 -1.158e-79
-7.19 -1.158e-79
-7.18 -1.158e-79
-7.17 -1.158e-79
-7.16 -1.157e-79
-7.15 -1.157e-79
-7.14 -1.157e-79
-7.13 -1.156e-79
-7.12 -1.156e-79
-7.11 -1.156e-79
-7.1 -1.156e-79
-7.09 -1.155e-79
-7.08 -1.155e-79
-7.07 -1.155e-79
-7.06 -1.155e-79
-7.05 -1.154e-79
-7.04 -1.154e-79
-7.03 -1.154e-79
-7.02 -1.154e-79
-7.01 -1.153e-79
-7 -1.153e-79
-6.99 -1.153e-79
-6.98 -1.153e-79
-6.97 -1.152e-79
-6.96 -1.152e-79
-6.95 -1.152e-79
-6.94 -1.152e-79
-6.93 -1.151e-79
-6.92 -1.151e-79
-6.91 -1.151e-79
-6.9 -1.151e-79
-6.89 -1.15e-79
-6.88 -1.15e-79
-6.87 -1.15e-79
-6.86 -1.15e-79
-6.85 -1.149e-79
-6.84 -1.149e-79
-6.83 -1.149e-79
-6.82 -1.149e-79
-6.81 -1.148e-79
-6.8 -1.148e-79
-6.79 -1.148e-79
-6.78 -1.148e-79
-6.77 -1.147e-79
-6.76 -1.147e-79
-6.75 -1.147e-79
-6.74 -1.147e-79
-6.73 -1.146e-79
-6.72 -1.146e-79
-6.71 -1.146e-79
-6.7 -1.146e-79
-6.69 -1.145e-79
-6.68 -1.145e-79
-6.67 -1.145e-79
-6.66 -1.145e-79
-6.65 -1.144e-79
-6.64 -1.144e-79
-6.63 -1.144e-79
-6.62 -1.144e-79
-6.61 -1.143e-79
-6.6 -1.143e-79
-6.59 -1.143e-79
-6.58 -1.143e-79
-6.57 -1.142e-79
-6.56 -1.142e-79
-6.55 -1.142e-79
-6.54 -1.142e-79
-6.53 -1.142e-79
-6.52 -1.141e-79
-6.51 -1.141e-79
-6.5 -1.141e-79
-6.49 -1.141e-79
-6.48 -1.14e-79
-6.47 -1.14e-79
-6.46 -1.14e-79
-6.45 -1.14e-79
-6.44 -1.139e-79
-6.43 -1.139e-79
-6.42 -1.139e-79
-6.41 -1.139e-79
-6.4 -1.138e-79
-6.39 -1.138e-79
-6.38 -1.138e-79
-6.37 -1.138e-79
-6.36 -1.137e-79
-6.35 -1.137e-79
-6.34 -1.137e-79
-6.33 -1.137e-79
-6.32 -1.137e-79
-6.31 -1.136e-79
-6.3 -1.136e-79
-6.29 -1.136e-79
-6.28 -1.136e-79
-6.27 -1.135e-79
-6.26 -1.135e-79
-6.25 -1.135e-79
-6.24 -1.135e-79
-6.23 -1.134e-79
-6.22 -1.134e-79
-6.21 -1.134e-79
-6.2 -1.134e-79
-6.19 -1.133e-79
-6.18 -1.133e-79
-6.17 -1.133e-79
-6.16 -1.133e-79
-6.15 -1.133e-79
-6.14 -1.132e-79
-6.13 -1.132e-79
-6.12 -1.132e-79
-6.11 -1.132e-79
-6.1 -1.131e-79
-6.09 -1.131e-79
-6.08 -1.131e-79
-6.07 -1.131e-79
-6.06 -1.131e-79
-6.05 -1.13e-79
-6.04 -1.13e-79
-6.03 -1.13e-79
-6.02 -1.13e-79
-6.01 -1.129e-79
-6 -1.129e-79
-5.99 -1.129e-79
-5.98 -1.129e-79
-5.97 -1.128e-79
-5.96 -1.128e-79
-5.95 -1.128e-79
-5.94 -1.128e-79
-5.93 -1.128e-79
-5.92 -1.127e-79
-5.91 -1.127e-79
-5.9 -1.127e-79
-5.89 -1.127e-79
-5.88 -1.126e-79
-5.87 -1.126e-79
-5.86 -1.126e-79
-5.85 -1.126e-79
-5.84 -1.126e-79
-5.83 -1.125e-79
-5.82 -1.125e-79
-5.81 -1.125e-79
-5.8 -1.125e-79
-5.79 -1.124e-79
-5.78 -1.124e-79
-5.77 -1.124e-79
-5.76 -1.124e-79
-5.75 -1.124e-79
-5.74 -1.123e-79
-5.73 -1.123e-79
-5.72 -1.123e-79
-5.71 -1.123e-79
-5.7 -1.122e-79
-5.69 -1.122e-79
-5.68 -1.122e-79
-5.67 -1.122e-79
-5.66 -1.122e-79
-5.65 -1.121e-79
-5.64 -1.121e-79
-5.63 -1.121e-79
-5.62 -1.121e-79
-5.61 -1.121e-79
-5.6 -1.12e-79
-5.59 -1.12e-79
-5.58 -1.12e-79
-5.57 -1.12e-79
-5.56 -1.119e-79
-5.55 -1.119e-79
-5.54 -1.119e-79
-5.53 -1.119e-79
-5.52 -1.119e-79
-5.51 -1.118e-79
-5.5 -1.118e-79
-5.49 -1.118e-79
-5.48 -1.118e-79
-5.47 -1.118e-79
-5.46 -1.117e-79
-5.45 -1.117e-79
-5.44 -1.117e-79
-5.43 -1.117e-79
-5.42 -1.116e-79
-5.41 -1.116e-79
-5.4 -1.116e-79
-5.39 -1.116e-79
-5.38 -1.116e-79
-5.37 -1.115e-79
-5.36 -1.115e-79
-5.35 -1.115e-79
-5.34 -1.115e-79
-5.33 -1.115e-79
-5.32 -1.114e-79
-5.31 -1.114e-79
-5.3 -1.114e-79
-5.29 -1.114e-79
-5.28 -1.114e-79
-5.27 -1.113e-79
-5.26 -1.113e-79
-5.25 -1.113e-79
-5.24 -1.113e-79
-5.23 -1.113e-79
-5.22 -1.112e-79
-5.21 -1.112e-79
-5.2 -1.112e-79
-5.19 -1.112e-79
-5.18 -1.112e-79
-5.17 -1.111e-79
-5.16 -1.111e-79
-5.15 -1.111e-79
-5.14 -1.111e-79
-5.13 -1.111e-79
-5.12 -1.11e-79
-5.11 -1.11e-79
-5.1 -1.11e-79
-5.09 -1.11e-79
-5.08 -1.11e-79
-5.07 -1.109e-79
-5.06 -1.109e-79
-5.05 -1.109e-79
-5.04 -1.109e-79
-5.03 -1.109e-79
-5.02 -1.108e-79
-5.01 -1.108e-79
-5 -1.108e-79
-4.99 -1.108e-79
-4.98 -1.108e-79
-4.97 -1.107e-79
-4.96 -1.107e-79
-4.95 -1.107e-79
-4.94 -1.107e-79
-4.93 -1.107e-79
-4.92 -1.106e-79
-4.91 -1.106e-79
-4.9 -1.106e-79
-4.89 -1.106e-79
-4.88 -1.106e-79
-4.87 -1.105e-79
-4.86 -1.105e-79
-4.85 -1.105e-79
-4.84 -1.105e-79
-4.83 -1.105e-79
-4.82 -1.104e-79
-4.81 -1.104e-79
-4.8 -1.104e-79
-4.79 -1.104e-79
-4.78 -1.104e-79
-4.77 -1.103e-79
-4.76 -1.103e-79
-4.75 -1.103e-79
-4.74 -1.103e-79
-4.73 -1.103e-79
-4.72 -1.102e-79
-4.71 -1.102e-79
-4.7 -1.102e-79
-4.69 -1.102e-79
-4.68 -1.102e-79
-4.67 -1.102e-79
-4.66 -1.101e-79
-4.65 -1.101e-79
-4.64 -1.101e-79
-4.63 -1.101e-79
-4.62 -1.101e-79
-4.61 -1.1e-79
-4.6 -1.1e-79
-4.59 -1.1e-79
-4.58 -1.1e-79
-4.57 -1.1e-79
-4.56 -1.099e-79
-4.55 -1.099e-79
-4.54 -1.099e-79
-4.53 -1.099e-79
-4.52 -1.099e-79
-4.51 -1.099e-79
-4.5 -1.098e-79
-4.49 -1.098e-79
-4.48 -1.098e-79
-4.47 -1.098e-79
-4.46 -1.098e-79
-4.45 -1.097e-79
-4.44 -1.097e-79
-4.43 -1.097e-79
-4.42 -1.097e-79
-4.41 -1.097e-79
-4.4 -1.097e-79
-4.39 -1.096e-79
-4.38 -1.096e-79
-4.37 -1.096e-79
-4.36 -1.096e-79
-4.35 -1.096e-79
-4.34 -1.095e-79
-4.33 -1.095e-79
-4.32 -1.095e-79
-4.31 -1.095e-79
-4.3 -1.095e-79
-4.29 -1.095e-79
-4.28 -1.094e-79
-4.27 -1.094e-79
-4.26 -1.094e-79
-4.25 -1.094e-79
-4.24 -1.094e-79
-4.23 -1.093e-79
-4.22 -1.093e-79
-4.21 -1.093e-79
-4.2 -1.093e-79
-4.19 -1.093e-79
-4.18 -1.093e-79
-4.17 -1.092e-79
-4.16 -1.092e-79
-4.15 -1.092e-79
-4.14 -1.092e-79
-4.13 -1.092e-79
-4.12 -1.092e-79
-4.11 -1.091e-79
-4.1 -1.091e-79
-4.09 -1.091e-79
-4.08 -1.091e-79
-4.07 -1.091e-79
-4.06 -1.09e-79
-4.05 -1.09e-79
-4.04 -1.09e-79
-4.03 -1.09e-79
-4.02 -1.09e-79
-4.01 -1.09e-79
-4 -1.089e-79
-3.99 -1.089e-79
-3.98 -1.089e-79
-3.97 -1.089e-79
-3.96 -1.089e-79
-3.95 -1.089e-79
-3.94 -1.088e-79
-3.93 -1.088e-79
-3.92 -1.088e-79
-3.91 -1.088e-79
-3.9 -1.088e-79
-3.89 -1.088e-79
-3.88 -1.087e-79
-3.87 -1.087e-79
-3.86 -1.087e-79
-3.85 -1.087e-79
-3.84 -1.087e-79
-3.83 -1.087e-79
-3.82 -1.086e-79
-3.81 -1.086e-79
-3.8 -1.086e-79
-3.79 -1.086e-79
-3.78 -1.086e-79
-3.77 -1.086e-79
-3.76 -1.085e-79
-3.75 -1.085e-79
-3.74 -1.085e-79
-3.73 -1.085e-79
-3.72 -1.085e-79
-3.71 -1.085e-79
-3.7 -1.084e-79
-3.69 -1.084e-79
-3.68 -1.084e-79
-3.67 -1.084e-79
-3.66 -1.084e-79
-3.65 -1.084e-79
-3.64 -1.084e-79
-3.63 -1.083e-79
-3.62 -1.083e-79
-3.61 -1.083e-79
-3.6 -1.083e-79
-3.59 -1.083e-79
-3.58 -1.083e-79
-3.57 -1.082e-79
-3.56 -1.082e-79
-3.55 -1.082e-79
-3.54 -1.082e-79
-3.53 -1.082e-79
-3.52 -1.082e-79
-3.51 -1.081e-79
-3.5 -1.081e-79
-3.49 -1.081e-79
-3.48 -1.081e-79
-3.47 -1.081e-79
-3.46 -1.081e-79
-3.45 -1.081e-79
-3.44 -1.08e-79
-3.43 -1.08e-79
-3.42 -1.08e-79
-3.41 -1.08e-79
-3.4 -1.08e-79
-3.39 -1.08e-79
-3.38 -1.079e-79
-3.37 -1.079e-79
-3.36 -1.079e-79
-3.35 -1.079e-79
-3.34 -1.079e-79
-3.33 -1.079e-79
-3.32 -1.079e-79
-3.31 -1.078e-79
-3.3 -1.078e-79
-3.29 -1.078e-79
-3.28 -1.078e-79
-3.27 -1.078e-79
-3.26 -1.078e-79
-3.25 -1.077e-79
-3.24 -1.077e-79
-3.23 -1.077e-79
-3.22 -1.077e-79
-3.21 -1.077e-79
-3.2 -1.077e-79
-3.19 -1.077e-79
-3.18 -1.076e-79
-3.17 -1.076e-79
-3.16 -1.076e-79
-3.15 -1.076e-79
-3.14 -1.076e-79
-3.13 -1.076e-79
-3.12 -1.076e-79
-3.11 -1.075e-79
-3.1 -1.075e-79
-3.09 -1.075e-79
-3.08 -1.075e-79
-3.07 -1.075e-79
-3.06 -1.075e-79
-3.05 -1.075e-79
-3.04 -1.074e-79
-3.03 -1.074e-79
-3.02 -1.074e-79
-3.01 -1.074e-79
-3 -1.074e-79
-2.99 -1.074e-79
-2.98 -1.074e-79
-2.97 -1.073e-79
-2.96 -1.073e-79
-2.95 -1.073e-79
-2.94 -1.073e-79
-2.93 -1.073e-79
-2.92 -1.073e-79
-2.91 -1.073e-79
-2.9 -1.072e-79
-2.89 -1.072e-79
-2.88 -1.072e-79
-2.87 -1.072e-79
-2.86 -1.072e-79
-2.85 -1.072e-79
-2.84 -1.072e-79
-2.83 -1.071e-79
-2.82 -1.071e-79
-2.81 -1.071e-79
-2.8 -1.071e-79
-2.79 -1.071e-79
-2.78 -1.071e-79
-2.77 -1.071e-79
-2.76 -1.07e-79
-2.75 -1.07e-79
-2.74 -1.07e-79
-2.73 -1.07e-79
-2.72 -1.07e-79
-2.71 -1.07e-79
-2.7 -1.07e-79
-2.69 -1.07e-79
-2.68 -1.069e-79
-2.67 -1.069e-79
-2.66 -1.069e-79
-2.65 -1.069e-79
-2.64 -1.069e-79
-2.63 -1.069e-79
-2.62 -1.069e-79
-2.61 -1.068e-79
-2.6 -1.068e-79
-2.59 -1.068e-79
-2.58 -1.068e-79
-2.57 -1.068e-79
-2.56 -1.068e-79
-2.55 -1.068e-79
-2.54 -1.068e-79
-2.53 -1.067e-79
-2.52 -1.067e-79
-2.51 -1.067e-79
-2.5 -1.067e-79
-2.49 -1.067e-79
-2.48 -1.067e-79
-2.47 -1.067e-79
-2.46 -1.066e-79
-2.45 -1.066e-79
-2.44 -1.066e-79
-2.43 -1.066e-79
-2.42 -1.066e-79
-2.41 -1.066e-79
-2.4 -1.066e-79
-2.39 -1.066e-79
-2.38 -1.065e-79
-2.37 -1.065e-79
-2.36 -1.065e-79
-2.35 -1.065e-79
-2.34 -1.065e-79
-2.33 -1.065e-79
-2.32 -1.065e-79
-2.31 -1.065e-79
-2.3 -1.064e-79
-2.29 -1.064e-79
-2.28 -1.064e-79
-2.27 -1.064e-79
-2.26 -1.064e-79
-2.25 -1.064e-79
-2.24 -1.064e-79
-2.23 -1.064e-79
-2.22 -1.063e-79
-2.21 -1.063e-79
-2.2 -1.063e-79
-2.19 -1.063e-79
-2.18 -1.063e-79
-2.17 -1.063e-79
-2.16 -1.063e-79
-2.15 -1.063e-79
-2.14 -1.063e-79
-2.13 -1.062e-79
-2.12 -1.062e-79
-2.11 -1.062e-79
-2.1 -1.062e-79
-2.09 -1.062e-79
-2.08 -1.062e-79
-2.07 -1.062e-79
-2.06 -1.062e-79
-2.05 -1.061e-79
-2.04 -1.061e-79
-2.03 -1.061e-79
-2.02 -1.061e-79
-2.01 -1.061e-79
-2 -1.061e-79
-1.99 -1.061e-79
-1.98 -1.061e-79
-1.97 -1.061e-79
-1.96 -1.06e-79
-1.95 -1.06e-79
-1.94 -1.06e-79
-1.93 -1.06e-79
-1.92 -1.06e-79
-1.91 -1.06e-79
-1.9 -1.06e-79
-1.89 -1.06e-79
-1.88 -1.06e-79
-1.87 -1.059e-79
-1.86 -1.059e-79
-1.85 -1.059e-79
-1.84 -1.059e-79
-1.83 -1.059e-79
-1.82 -1.059e-79
-1.81 -1.059e-79
-1.8 -1.059e-79
-1.79 -1.059e-79
-1.78 -1.058e-79
-1.77 -1.058e-79
-1.76 -1.058e-79
-1.75 -1.058e-79
-1.74 -1.058e-79
-1.73 -1.058e-79
-1.72 -1.058e-79
-1.71 -1.058e-79
-1.7 -1.058e-79
-1.69 -1.057e-79
-1.68 -1.057e-79
-1.67 -1.057e-79
-1.66 -1.057e-79
-1.65 -1.057e-79
-1.64 -1.057e-79
-1.63 -1.057e-79
-1.62 -1.057e-79
-1.61 -1.057e-79
-1.6 -1.057e-79
-1.59 -1.056e-79
-1.58 -1.056e-79
-1.57 -1.056e-79
-1.56 -1.056e-79
-1.55 -1.056e-79
-1.54 -1.056e-79
-1.53 -1.056e-79
-1.52 -1.056e-79
-1.51 -1.056e-79
-1.5 -1.055e-79
-1.49 -1.055e-79
-1.48 -1.055e-79
-1.47 -1.055e-79
-1.46 -1.055e-79
-1.45 -1.055e-79
-1.44 -1.055e-79
-1.43 -1.055e-79
-1.42 -1.055e-79
-1.41 -1.055e-79
-1.4 -1.054e-79
-1.39 -1.054e-79
-1.38 -1.054e-79
-1.37 -1.054e-79
-1.36 -1.054e-79
-1.35 -1.054e-79
-1.34 -1.054e-79
-1.33 -1.054e-79
-1.32 -1.054e-79
-1.31 -1.054e-79
-1.3 -1.054e-79
-1.29 -1.053e-79
-1.28 -1.053e-79
-1.27 -1.053e-79
-1.26 -1.053e-79
-1.25 -1.053e-79
-1.24 -1.053e-79
-1.23 -1.053e-79
-1.22 -1.053e-79
-1.21 -1.053e-79
-1.2 -1.053e-79
-1.19 -1.052e-79
-1.18 -1.052e-79
-1.17 -1.052e-79
-1.16 -1.052e-79
-1.15 -1.052e-79
-1.14 -1.052e-79
-1.13 -1.052e-79
-1.12 -1.052e-79
-1.11 -1.052e-79
-1.1 -1.052e-79
-1.09 -1.052e-79
-1.08 -1.051e-79
-1.07 -1.051e-79
-1.06 -1.051e-79
-1.05 -1.051e-79
-1.04 -1.051e-79
-1.03 -1.051e-79
-1.02 -1.051e-79
-1.01 -1.051e-79
-1 -1.051e-79
-0.99 -1.051e-79
-0.98 -1.051e-79
-0.97 -1.051e-79
-0.96 -1.05e-79
-0.95 -1.05e-79
-0.94 -1.05e-79
-0.93 -1.05e-79
-0.92 -1.05e-79
-0.91 -1.05e-79
-0.9 -1.05e-79
-0.89 -1.05e-79
-0.88 -1.05e-79
-0.87 -1.05e-79
-0.86 -1.05e-79
-0.85 -1.05e-79
-0.84 -1.049e-79
-0.83 -1.049e-79
-0.82 -1.049e-79
-0.81 -1.049e-79
-0.8 -1.049e-79
-0.79 -1.049e-79
-0.78 -1.049e-79
-0.77 -1.049e-79
-0.76 -1.049e-79
-0.75 -1.049e-79
-0.74 -1.049e-79
-0.73 -1.049e-79
-0.72 -1.048e-79
-0.71 -1.048e-79
-0.7 -1.048e-79
-0.69 -1.048e-79
-0.68 -1.048e-79
-0.67 -1.048e-79
-0.66 -1.048e-79
-0.65 -1.048e-79
-0.64 -1.048e-79
-0.63 -1.048e-79
-0.62 -1.048e-79
-0.61 -1.048e-79
-0.6 -1.048e-79
-0.59 -1.047e-79
-0.58 -1.047e-79
-0.57 -1.047e-79
-0.56 -1.047e-79
-0.55 -1.047e-79
-0.54 -1.047e-79
-0.53 -1.047e-79
-0.52 -1.047e-79
-0.51 -1.047e-79
-0.5 -1.047e-79
-0.49 -1.047e-79
-0.48 -1.047e-79
-0.47 -1.047e-79
-0.46 -1.046e-79
-0.45 -1.046e-79
-0.44 -1.046e-79
-0.43 -1.046e-79
-0.42 -1.046e-79
-0.41 -1.046e-79
-0.4 -1.046e-79
-0.39 -1.046e-79
-0.38 -1.046e-79
-0.37 -1.046e-79
-0.36 -1.046e-79
-0.35 -1.046e-79
-0.34 -1.046e-79
-0.33 -1.046e-79
-0.32 -1.045e-79
-0.31 -1.045e-79
-0.3 -1.045e-79
-0.29 -1.045e-79
-0.28 -1.045e-79
-0.27 -1.045e-79
-0.26 -1.045e-79
-0.25 -1.045e-79
-0.24 -1.045e-79
-0.23 -1.045e-79
-0.22 -1.045e-79
-0.21 -1.045e-79
-0.2 -1.045e-79
-0.19 -1.045e-79
-0.18 -1.045e-79
-0.17 -1.044e-79
-0.16 -1.044e-79
-0.15 -1.044e-79
-0.14 -1.044e-79
-0.13 -1.044e-79
-0.12 -1.044e-79
-0.11 -1.044e-79
-0.1 -1.044e-79
-0.09 -1.044e-79
-0.08 -1.044e-79
-0.07 -1.044e-79
-0.06 -1.044e-79
-0.05 -1.044e-79
-0.04 -1.044e-79
-0.03 -1.044e-79
-0.02 -1.044e-79
-0.01 -1.044e-79
-0 -1.043e-79
0.01 -1.043e-79
0.02 -1.043e-79
0.03 -1.043e-79
0.04 -1.043e-79
0.05 -1.043e-79
0.06 -1.043e-79
0.07 -1.043e-79
0.08 -1.043e-79
0.09 -1.043e-79
0.1 -1.043e-79
0.11 -1.043e-79
0.12 -1.043e-79
0.13 -1.043e-79
0.14 -1.043e-79
0.15 -1.043e-79
0.16 -1.043e-79
0.17 -1.042e-79
0.18 -1.042e-79
0.19 -1.042e-79
0.2 -1.042e-79
0.21 -1.042e-79
0.22 -1.042e-79
0.23 -1.042e-79
0.24 -1.042e-79
0.25 -1.042e-79
0.26 -1.042e-79
0.27 -1.042e-79
0.28 -1.042e-79
0.29 -1.042e-79
0.3 -1.042e-79
0.31 -1.042e-79
0.32 -1.042e-79
0.33 -1.042e-79
0.34 -1.042e-79
0.35 -1.042e-79
0.36 -1.041e-79
0.37 -1.041e-79
0.38 -1.041e-79
0.39 -1.041e-79
0.4 -1.041e-79
0.41 -1.041e-79
0.42 -1.041e-79
0.43 -1.041e-79
0.44 -1.041e-79
0.45 -1.041e-79
0.46 -1.041e-79
0.47 -1.041e-79
0.48 -1.041e-79
0.49 -1.041e-79
0.5 -1.041e-79
0.51 -1.041e-79
0.52 -1.041e-79
0.53 -1.041e-79
0.54 -1.041e-79
0.55 -1.041e-79
0.56 -1.041e-79
0.57 -1.041e-79
0.58 -1.04e-79
0.59 -1.04e-79
0.6 -1.04e-79
0.61 -1.04e-79
0.62 -1.04e-79
0.63 -1.04e-79
0.64 -1.04e-79
0.65 -1.04e-79
0.66 -1.04e-79
0.67 -1.04e-79
0.68 -1.04e-79
0.69 -1.04e-79
0.7 -1.04e-79
0.71 -1.04e-79
0.72 -1.04e-79
0.73 -1.04e-79
0.74 -1.04e-79
0.75 -1.04e-79
0.76 -1.04e-79
0.77 -1.04e-79
0.78 -1.04e-79
0.79 -1.04e-79
0.8 -1.04e-79
0.81 -1.04e-79
0.82 -1.039e-79
0.83 -1.039e-79
0.84 -1.039e-79
0.85 -1.039e-79
0.86 -1.039e-79
0.87 -1.039e-79
0.88 -1.039e-79
0.89 -1.039e-79
0.9 -1.039e-79
0.91 -1.039e-79
0.92 -1.039e-79
0.93 -1.039e-79
0.94 -1.039e-79
0.95 -1.039e-79
0.96 -1.039e-79
0.97 -1.039e-79
0.98 -1.039e-79
0.99 -1.039e-79
1 -1.039e-79
1.01 -1.039e-79
1.02 -1.039e-79
1.03 -1.039e-79
1.04 -1.039e-79
1.05 -1.039e-79
1.06 -1.039e-79
1.07 -1.039e-79
1.08 -1.039e-79
1.09 -1.039e-79
1.1 -1.039e-79
1.11 -1.039e-79
1.12 -1.039e-79
1.13 -1.038e-79
1.14 -1.038e-79
1.15 -1.038e-79
1.16 -1.038e-79
1.17 -1.038e-79
1.18 -1.038e-79
1.19 -1.038e-79
1.2 -1.038e-79
1.21 -1.038e-79
1.22 -1.038e-79
1.23 -1.038e-79
1.24 -1.038e-79
1.25 -1.038e-79
1.26 -1.038e-79
1.27 -1.038e-79
1.28 -1.038e-79
1.29 -1.038e-79
1.3 -1.038e-79
1.31 -1.038e-79
1.32 -1.038e-79
1.33 -1.038e-79
1.34 -1.038e-79
1.35 -1.038e-79
1.36 -1.038e-79
1.37 -1.038e-79
1.38 -1.038e-79
1.39 -1.038e-79
1.4 -1.038e-79
1.41 -1.038e-79
1.42 -1.038e-79
1.43 -1.038e-79
1.44 -1.038e-79
1.45 -1.038e-79
1.46 -1.038e-79
1.47 -1.038e-79
1.48 -1.038e-79
1.49 -1.038e-79
1.5 -1.038e-79
1.51 -1.038e-79
1.52 -1.038e-79
1.53 -1.038e-79
1.54 -1.038e-79
1.55 -1.038e-79
1.56 -1.038e-79
1.57 -1.038e-79
1.58 -1.038e-79
1.59 -1.037e-79
1.6 -1.037e-79
1.61 -1.037e-79
1.62 -1.037e-79
1.63 -1.037e-79
1.64 -1.037e-79
1.65 -1.037e-79
1.66 -1.037e-79
1.67 -1.037e-79
1.68 -1.037e-79
1.69 -1.037e-79
1.7 -1.037e-79
1.71 -1.037e-79
1.72 -1.037e-79
1.73 -1.037e-79
1.74 -1.037e-79
1.75 -1.037e-79
1.76 -1.037e-79
1.77 -1.037e-79
1.78 -1.037e-79
1.79 -1.037e-79
1.8 -1.037e-79
1.81 -1.037e-79
1.82 -1.037e-79
1.83 -1.037e-79
1.84 -1.037e-79
1.85 -1.037e-79
1.86 -1.037e-79
1.87 -1.037e-79
1.88 -1.037e-79
1.89 -1.037e-79
1.9 -1.037e-79
1.91 -1.037e-79
1.92 -1.037e-79
1.93 -1.037e-79
1.94 -1.037e-79
1.95 -1.037e-79
1.96 -1.037e-79
1.97 -1.037e-79
1.98 -1.037e-79
1.99 -1.037e-79
2 -1.037e-79
2.01 -1.037e-79
2.02 -1.037e-79
2.03 -1.037e-79
2.04 -1.037e-79
2.05 -1.037e-79
2.06 -1.037e-79
2.07 -1.037e-79
2.08 -1.037e-79
2.09 -1.037e-79
2.1 -1.037e-79
2.11 -1.037e-79
2.12 -1.037e-79
2.13 -1.037e-79
2.14 -1.037e-79
2.15 -1.037e-79
2.16 -1.037e-79
2.17 -1.037e-79
2.18 -1.037e-79
2.19 -1.037e-79
2.2 -1.037e-79
2.21 -1.037e-79
2.22 -1.037e-79
2.23 -1.037e-79
2.24 -1.037e-79
2.25 -1.037e-79
2.26 -1.037e-79
2.27 -1.037e-79
2.28 -1.037e-79
2.29 -1.037e-79
2.3 -1.037e-79
2.31 -1.037e-79
2.32 -1.037e-79
2.33 -1.037e-79
2.34 -1.037e-79
2.35 -1.037e-79
2.36 -1.037e-79
2.37 -1.037e-79
2.38 -1.037e-79
2.39 -1.037e-79
2.4 -1.037e-79
2.41 -1.037e-79
2.42 -1.037e-79
2.43 -1.037e-79
2.44 -1.037e-79
2.45 -1.037e-79
2.46 -1.037e-79
2.47 -1.037e-79
2.48 -1.037e-79
2.49 -1.037e-79
2.5 -1.037e-79
2.51 -1.037e-79
2.52 -1.037e-79
2.53 -1.037e-79
2.54 -1.037e-79
2.55 -1.037e-79
2.56 -1.037e-79
2.57 -1.037e-79
2.58 -1.037e-79
2.59 -1.037e-79
2.6 -1.037e-79
2.61 -1.037e-79
2.62 -1.037e-79
2.63 -1.037e-79
2.64 -1.037e-79
2.65 -1.037e-79
2.66 -1.037e-79
2.67 -1.037e-79
2.68 -1.037e-79
2.69 -1.037e-79
2.7 -1.037e-79
2.71 -1.038e-79
2.72 -1.038e-79
2.73 -1.038e-79
2.74 -1.038e-79
2.75 -1.038e-79
2.76 -1.038e-79
2.77 -1.038e-79
2.78 -1.038e-79
2.79 -1.038e-79
2.8 -1.038e-79
2.81 -1.061e-79
2.82 -2.286e-79
2.83 -6.426e-78
2.84 -3.067e-76
2.85 -1.424e-74
2.86 -6.331e-73
2.87 -2.695e-71
2.88 -1.098e-69
2.89 -4.287e-68
2.9 -1.602e-66
2.91 -5.729e-65
2.92 -1.962e-63
2.93 -6.434e-62
2.94 -2.02e-60
2.95 -6.071e-59
2.96 -1.747e-57
2.97 -4.812e-56
2.98 -1.269e-54
2.99 -3.205e-53
3 -7.747e-52
3.01 -1.793e-50
3.02 -3.971e-49
3.03 -8.423e-48
3.04 -1.71e-46
3.05 -3.324e-45
3.06 -6.184e-44
3.07 -1.101e-42
3.08 -1.878e-41
3.09 -3.064e-40
3.1 -4.787e-39
3.11 -7.158e-38
3.12 -1.025e-36
3.13 -1.404e-35
3.14 -1.841e-34
3.15 -2.31e-33
3.16 -2.776e-32
3.17 -3.191e-31
3.18 -3.512e-30
3.19 -3.698e-29
3.2 -3.728e-28
3.21 -3.595e-27
3.22 -3.319e-26
3.23 -2.931e-25
3.24 -2.478e-24
3.25 -2.004e-23
3.26 -1.551e-22
3.27 -1.148e-21
3.28 -8.132e-21
3.29 -5.511e-20
3.3 -3.573e-19
3.31 -2.216e-18
3.32 -1.314e-17
3.33 -7.458e-17
3.34 -4.047e-16
3.35 -2.1e-15
3.36 -1.042e-14
3.37 -4.945e-14
3.38 -2.243e-13
3.39 -9.729e-13
3.4 -4.033e-12
3.41 -1.597e-11
3.42 -6.047e-11
3.43 -2.187e-10
3.44 -7.554e-10
3.45 -2.492e-09
3.46 -7.848e-09
3.47 -2.359e-08
3.48 -6.766e-08
3.49 -1.851e-07
3.5 -4.827e-07
3.51 -1.199e-06
3.52 -2.838e-06
3.53 -6.388e-06
3.54 -1.367e-05
3.55 -2.776e-05
3.56 -5.345e-05
3.57 -9.733e-05
3.58 -0.0001672
3.59 -0.0002699
3.6 -0.0004071
3.61 -0.0005689
3.62 -0.000726
3.63 -0.0008234
3.64 -0.0007797
3.65 -0.0004978
3.66 0.0001112
3.67 0.00109
3.68 0.002395
3.69 0.003869
3.7 0.005248
3.71 0.006226
3.72 0.006571
3.73 0.006288
3.74 0.005769
3.75 0.005886
3.76 0.007949
3.77 0.0135
3.78 0.02397
3.79 0.04019
3.8 0.06206
3.81 0.08821
3.82 0.1161
3.83 0.1423
3.84 0.1633
3.85 0.1757
3.86 0.1776
3.87 0.1684
3.88 0.1494
3.89 0.1233
3.9 0.09377
3.91 0.06505
3.92 0.04119
3.93 0.02554
3.94 0.02032
3.95 0.02618
3.96 0.04207
3.97 0.06521
3.98 0.09147
3.99 0.1161
4 0.1349
4.01 0.1454
4.02 0.1476
4.03 0.1448
4.04 0.1425
4.05 0.1474
4.06 0.1651
4.07 0.1983
4.08 0.2456
4.09 0.301
4.1 0.3553
4.11 0.3984
4.12 0.4212
4.13 0.4185
4.14 0.3897
4.15 0.3389
4.16 0.2736
4.17 0.203
4.18 0.1358
4.19 0.07868
4.2 0.0358
4.21 0.008454
4.22 -0.004387
4.23 -0.005383
4.24 0.001903
4.25 0.01371
4.26 0.02671
4.27 0.03866
4.28 0.04895
4.29 0.05894
4.3 0.0719
4.31 0.09243
4.32 0.1253
4.33 0.1738
4.34 0.2385
4.35 0.3163
4.36 0.4
4.37 0.4796
4.38 0.5442
4.39 0.5836
4.4 0.5911
4.41 0.5647
4.42 0.5076
4.43 0.4283
4.44 0.3386
4.45 0.2518
4.46 0.1804
4.47 0.1337
4.48 0.1163
4.49 0.1274
4.5 0.1606
4.51 0.206
4.52 0.2517
4.53 0.2875
4.54 0.3066
4.55 0.3078
4.56 0.2955
4.57 0.278
4.58 0.2652
4.59 0.2654
4.6 0.2824
4.61 0.3142
4.62 0.3537
4.63 0.3904
4.64 0.4134
4.65 0.4143
4.66 0.3896
4.67 0.3416
4.68 0.2771
4.69 0.2062
4.7 0.1392
4.71 0.08498
4.72 0.04881
4.73 0.03209
4.74 0.03237
4.75 0.0445
4.76 0.06226
4.77 0.08025
4.78 0.09586
4.79 0.1106
4.8 0.1304
4.81 0.1647
4.82 0.2235
4.83 0.3139
4.84 0.4367
4.85 0.584
4.86 0.739
4.87 0.8792
4.88 0.9813
4.89 1.027
4.9 1.007
4.91 0.9238
4.92 0.7917
4.93 0.6304
4.94 0.4621
4.95 0.3064
4.96 0.1775
4.97 0.08346
4.98 0.02737
4.99 0.008724
5 0.02495
5.01 0.07206
5.02 0.1445
5.03 0.2349
5.04 0.3338
5.05 0.43
5.06 0.5127
5.07 0.5731
5.08 0.606
5.09 0.6115
5.1 0.5946
5.11 0.5635
5.12 0.5274
5.13 0.4941
5.14 0.4674
5.15 0.4473
5.16 0.43
5.17 0.4101
5.18 0.3824
5.19 0.3439
5.2 0.2946
5.21 0.2374
5.22 0.1776
5.23 0.1217
5.24 0.0764
5.25 0.04753
5.26 0.03935
5.27 0.05394
5.28 0.0908
5.29 0.1468
5.3 0.2167
5.31 0.2937
5.32 0.3711
5.33 0.443
5.34 0.506
5.35 0.5594
5.36 0.6052
5.37 0.6475
5.38 0.6917
5.39 0.7425
5.4 0.8029
5.41 0.8726
5.42 0.9469
5.43 1.017
5.44 1.071
5.45 1.096
5.46 1.081
5.47 1.02
5.48 0.9166
5.49 0.7798
5.5 0.6273
5.51 0.4805
5.52 0.3609
5.53 0.2853
5.54 0.2626
5.55 0.2915
5.56 0.3611
5.57 0.4531
5.58 0.5462
5.59 0.6212
5.6 0.6646
5.61 0.672
5.62 0.6472
5.63 0.6004
5.64 0.5446
5.65 0.4917
5.66 0.4503
5.67 0.425
5.68 0.4161
5.69 0.4211
5.7 0.4356
5.71 0.4536
5.72 0.4686
5.73 0.474
5.74 0.4644
5.75 0.4371
5.76 0.3934
5.77 0.3387
5.78 0.282
5.79 0.2338
5.8 0.2047
5.81 0.2033
5.82 0.2352
5.83 0.3028
5.84 0.4052
5.85 0.5388
5.86 0.6975
5.87 0.8734
5.88 1.057
5.89 1.239
5.9 1.411
5.91 1.563
5.92 1.688
5.93 1.781
5.94 1.836
5.95 1.846
5.96 1.808
5.97 1.721
5.98 1.588
5.99 1.416
6 1.219
6.01 1.013
6.02 0.8174
6.03 0.6476
6.04 0.5176
6.05 0.4369
6.06 0.4097
6.07 0.435
6.08 0.5057
6.09 0.6099
6.1 0.7313
6.11 0.8522
6.12 0.9565
6.13 1.033
6.14 1.076
6.15 1.089
6.16 1.076
6.17 1.047
6.18 1.008
6.19 0.9605
6.2 0.9054
6.21 0.8407
6.22 0.7657
6.23 0.6838
6.24 0.6037
6.25 0.5384
6.26 0.5031
6.27 0.511
6.28 0.5692
6.29 0.6759
6.3 0.8199
6.31 0.9822
6.32 1.141
6.33 1.277
6.34 1.379
6.35 1.446
6.36 1.489
6.37 1.522
6.38 1.561
6.39 1.611
6.4 1.669
6.41 1.719
6.42 1.737
6.43 1.702
6.44 1.602
6.45 1.439
6.46 1.235
6.47 1.02
6.48 0.8315
6.49 0.7005
6.5 0.6433
6.51 0.6575
6.52 0.7232
6.53 0.8089
6.54 0.8807
6.55 0.9118
6.56 0.8897
6.57 0.8178
6.58 0.7141
6.59 0.6042
6.6 0.5145
6.61 0.4651
6.62 0.4668
6.63 0.5205
6.64 0.6203
6.65 0.7575
6.66 0.924
6.67 1.114
6.68 1.325
6.69 1.552
6.7 1.79
6.71 2.028
6.72 2.254
6.73 2.452
6.74 2.609
6.75 2.717
6.76 2.774
6.77 2.781
6.78 2.746
6.79 2.675
6.8 2.578
6.81 2.46
6.82 2.331
6.83 2.2
6.84 2.075
6.85 1.968
6.86 1.887
6.87 1.835
6.88 1.811
6.89 1.806
6.9 1.808
6.91 1.802
6.92 1.774
6.93 1.716
6.94 1.626
6.95 1.513
6.96 1.396
6.97 1.3
6.98 1.254
6.99 1.286
7 1.416
7.01 1.65
7.02 1.973
7.03 2.353
7.04 2.745
7.05 3.094
7.06 3.351
7.07 3.481
7.08 3.474
7.09 3.347
7.1 3.142
7.11 2.92
7.12 2.743
7.13 2.666
7.14 2.718
7.15 2.904
7.16 3.199
7.17 3.556
7.18 3.922
7.19 4.245
7.2 4.487
7.21 4.628
7.22 4.668
7.23 4.615
7.24 4.489
7.25 4.309
7.26 4.096
7.27 3.873
7.28 3.663
7.29 3.493
7.3 3.389
7.31 3.368
7.32 3.437
7.33 3.586
7.34 3.789
7.35 4.008
7.36 4.205
7.37 4.344
7.38 4.405
7.39 4.386
7.4 4.303
7.41 4.19
7.42 4.095
7.43 4.063
7.44 4.134
7.45 4.327
7.46 4.634
7.47 5.02
7.48 5.426
7.49 5.789
7.5 6.057
7.51 6.211
7.52 6.273
7.53 6.311
7.54 6.427
7.55 6.73
7.56 7.315
7.57 8.237
7.58 9.5
7.59 11.05
7.6 12.81
7.61 14.64
7.62 16.41
7.63 18
7.64 19.31
7.65 20.24
7.66 20.75
7.67 20.82
7.68 20.46
7.69 19.75
7.7 18.77
7.71 17.64
7.72 16.47
7.73 15.4
7.74 14.52
7.75 13.92
7.76 13.66
7.77 13.73
7.78 14.12
7.79 14.76
7.8 15.55
7.81 16.36
7.82 17.04
7.83 17.47
7.84 17.54
7.85 17.2
7.86 16.45
7.87 15.34
7.88 13.98
7.89 12.47
7.9 10.93
7.91 9.434
7.92 8.054
7.93 6.819
7.94 5.74
7.95 4.815
7.96 4.037
7.97 3.399
7.98 2.895
7.99 2.518
8 2.264
8.01 2.123
8.02 2.083
8.03 2.124
8.04 2.218
8.05 2.332
8.06 2.432
8.07 2.491
8.08 2.494
8.09 2.445
8.1 2.364
8.11 2.284
8.12 2.238
8.13 2.256
8.14 2.347
8.15 2.502
8.16 2.69
8.17 2.872
8.18 3.004
8.19 3.057
8.2 3.018
8.21 2.897
8.22 2.724
8.23 2.542
8.24 2.394
8.25 2.315
8.26 2.321
8.27 2.411
8.28 2.566
8.29 2.753
8.3 2.936
8.31 3.078
8.32 3.151
8.33 3.134
8.34 3.022
8.35 2.817
8.36 2.537
8.37 2.211
8.38 1.875
8.39 1.568
8.4 1.327
8.41 1.181
8.42 1.146
8.43 1.223
8.44 1.399
8.45 1.653
8.46 1.955
8.47 2.271
8.48 2.568
8.49 2.816
8.5 2.991
8.51 3.082
8.52 3.094
8.53 3.046
8.54 2.966
8.55 2.886
8.56 2.831
8.57 2.807
8.58 2.807
8.59 2.808
8.6 2.784
8.61 2.719
8.62 2.611
8.63 2.478
8.64 2.353
8.65 2.274
8.66 2.272
8.67 2.366
8.68 2.554
8.69 2.815
8.7 3.111
8.71 3.399
8.72 3.635
8.73 3.79
8.74 3.849
8.75 3.816
8.76 3.712
8.77 3.569
8.78 3.424
8.79 3.315
8.8 3.277
8.81 3.34
8.82 3.526
8.83 3.844
8.84 4.289
8.85 4.833
8.86 5.424
8.87 5.995
8.88 6.47
8.89 6.783
8.9 6.888
8.91 6.778
8.92 6.482
8.93 6.059
8.94 5.587
8.95 5.145
8.96 4.795
8.97 4.575
8.98 4.491
8.99 4.528
9 4.651
9.01 4.819
9.02 4.992
9.03 5.14
9.04 5.241
9.05 5.285
9.06 5.272
9.07 5.202
9.08 5.08
9.09 4.911
9.1 4.704
9.11 4.469
9.12 4.225
9.13 3.998
9.14 3.818
9.15 3.72
9.16 3.737
9.17 3.891
9.18 4.195
9.19 4.638
9.2 5.189
9.21 5.794
9.22 6.382
9.23 6.88
9.24 7.224
9.25 7.376
9.26 7.335
9.27 7.139
9.28 6.854
9.29 6.561
9.3 6.333
9.31 6.221
9.32 6.242
9.33 6.379
9.34 6.591
9.35 6.819
9.36 7.005
9.37 7.1
9.38 7.075
9.39 6.92
9.4 6.649
9.41 6.295
9.42 5.907
9.43 5.537
9.44 5.237
9.45 5.048
9.46 4.989
9.47 5.057
9.48 5.22
9.49 5.431
9.5 5.636
9.51 5.786
9.52 5.849
9.53 5.818
9.54 5.708
9.55 5.555
9.56 5.398
9.57 5.277
9.58 5.216
9.59 5.221
9.6 5.278
9.61 5.356
9.62 5.414
9.63 5.418
9.64 5.349
9.65 5.216
9.66 5.062
9.67 4.956
9.68 4.983
9.69 5.223
9.7 5.731
9.71 6.521
9.72 7.56
9.73 8.764
9.74 10.02
9.75 11.2
9.76 12.17
9.77 12.86
9.78 13.23
9.79 13.27
9.8 13.03
9.81 12.59
9.82 12.02
9.83 11.39
9.84 10.72
9.85 10.03
9.86 9.321
9.87 8.576
9.88 7.805
9.89 7.034
9.9 6.309
9.91 5.686
9.92 5.215
9.93 4.928
9.94 4.83
9.95 4.902
9.96 5.108
9.97 5.41
9.98 5.779
9.99 6.207
10 6.708
10.01 7.309
10.02 8.039
10.03 8.909
10.04 9.902
10.05 10.97
10.06 12.03
10.07 12.99
10.08 13.77
10.09 14.33
10.1 14.63
10.11 14.7
10.12 14.58
10.13 14.31
10.14 13.92
10.15 13.45
10.16 12.92
10.17 12.32
10.18 11.69
10.19 11.05
10.2 10.44
10.21 9.869
10.22 9.366
10.23 8.928
10.24 8.534
10.25 8.156
10.26 7.764
10.27 7.341
10.28 6.884
10.29 6.41
10.3 5.951
10.31 5.54
10.32 5.206
10.33 4.965
10.34 4.818
10.35 4.752
10.36 4.749
10.37 4.787
10.38 4.848
10.39 4.917
10.4 4.982
10.41 5.032
10.42 5.056
10.43 5.043
10.44 4.991
10.45 4.903
10.46 4.791
10.47 4.671
10.48 4.557
10.49 4.454
10.5 4.356
10.51 4.251
10.52 4.122
10.53 3.967
10.54 3.796
10.55 3.64
10.56 3.54
10.57 3.538
10.58 3.664
10.59 3.924
10.6 4.3
10.61 4.76
10.62 5.264
10.63 5.785
10.64 6.314
10.65 6.864
10.66 7.463
10.67 8.136
10.68 8.894
10.69 9.715
10.7 10.54
10.71 11.29
10.72 11.85
10.73 12.13
10.74 12.07
10.75 11.63
10.76 10.88
10.77 9.889
10.78 8.801
10.79 7.747
10.8 6.846
10.81 6.171
10.82 5.747
10.83 5.545
10.84 5.503
10.85 5.544
10.86 5.599
10.87 5.622
10.88 5.596
10.89 5.528
10.9 5.439
10.91 5.35
10.92 5.272
10.93 5.203
10.94 5.133
10.95 5.046
10.96 4.937
10.97 4.814
10.98 4.696
10.99 4.612
11 4.59
11.01 4.643
11.02 4.768
11.03 4.946
11.04 5.142
11.05 5.322
11.06 5.459
11.07 5.541
11.08 5.573
11.09 5.574
11.1 5.572
11.11 5.597
11.12 5.673
11.13 5.821
11.14 6.051
11.15 6.361
11.16 6.737
11.17 7.147
11.18 7.547
11.19 7.883
11.2 8.103
11.21 8.17
11.22 8.073
11.23 7.83
11.24 7.488
11.25 7.11
11.26 6.768
11.27 6.524
11.28 6.431
11.29 6.525
11.3 6.833
11.31 7.369
11.32 8.131
11.33 9.101
11.34 10.23
11.35 11.43
11.36 12.6
11.37 13.61
11.38 14.34
11.39 14.7
11.4 14.64
11.41 14.16
11.42 13.34
11.43 12.26
11.44 11.04
11.45 9.791
11.46 8.588
11.47 7.491
11.48 6.529
11.49 5.709
11.5 5.024
11.51 4.464
11.52 4.021
11.53 3.688
11.54 3.458
11.55 3.315
11.56 3.236
11.57 3.181
11.58 3.11
11.59 2.982
11.6 2.77
11.61 2.47
11.62 2.096
11.63 1.683
11.64 1.273
11.65 0.9062
11.66 0.6124
11.67 0.4092
11.68 0.3017
11.69 0.2862
11.7 0.3542
11.71 0.4939
11.72 0.6898
11.73 0.921
11.74 1.16
11.75 1.376
11.76 1.536
11.77 1.616
11.78 1.606
11.79 1.513
11.8 1.364
11.81 1.199
11.82 1.064
11.83 0.997
11.84 1.021
11.85 1.138
11.86 1.333
11.87 1.572
11.88 1.816
11.89 2.024
11.9 2.163
11.91 2.215
11.92 2.175
11.93 2.05
11.94 1.863
11.95 1.641
11.96 1.415
11.97 1.215
11.98 1.065
11.99 0.9791
12 0.9646
12.01 1.017
12.02 1.125
12.03 1.269
12.04 1.43
12.05 1.589
12.06 1.731
12.07 1.848
12.08 1.943
12.09 2.02
12.1 2.089
12.11 2.155
12.12 2.216
12.13 2.262
12.14 2.276
12.15 2.239
12.16 2.138
12.17 1.968
12.18 1.737
12.19 1.462
12.2 1.168
12.21 0.8782
12.22 0.6146
12.23 0.3916
12.24 0.2172
12.25 0.0948
12.26 0.02485
12.27 0.007233
12.28 0.04226
12.29 0.1309
12.3 0.2738
12.31 0.4703
12.32 0.716
12.33 1.001
12.34 1.31
12.35 1.619
12.36 1.902
12.37 2.131
12.38 2.282
12.39 2.338
12.4 2.297
12.41 2.166
12.42 1.965
12.43 1.723
12.44 1.471
12.45 1.239
12.46 1.048
12.47 0.9107
12.48 0.8283
12.49 0.7906
12.5 0.78
12.51 0.7762
12.52 0.7616
12.53 0.7256
12.54 0.6675
12.55 0.597
12.56 0.5304
12.57 0.4861
12.58 0.4783
12.59 0.5122
12.6 0.5824
12.61 0.6737
12.62 0.7657
12.63 0.8383
12.64 0.8775
12.65 0.8778
12.66 0.8435
12.67 0.7855
12.68 0.718
12.69 0.6548
12.7 0.6064
12.71 0.5796
12.72 0.5776
12.73 0.601
12.74 0.6483
12.75 0.7159
12.76 0.7976
12.77 0.8844
12.78 0.9653
12.79 1.03
12.8 1.072
12.81 1.091
12.82 1.097
12.83 1.102
12.84 1.124
12.85 1.173
12.86 1.249
12.87 1.34
12.88 1.423
12.89 1.473
12.9 1.471
12.91 1.414
12.92 1.314
12.93 1.198
12.94 1.097
12.95 1.039
12.96 1.036
12.97 1.084
12.98 1.16
12.99 1.235
13 1.279
13.01 1.271
13.02 1.206
13.03 1.093
13.04 0.9513
13.05 0.8062
13.06 0.6805
13.07 0.5908
13.08 0.5444
13.09 0.5396
13.1 0.5665
13.11 0.6098
13.12 0.6519
13.13 0.676
13.14 0.6704
13.15 0.6309
13.16 0.563
13.17 0.4814
13.18 0.407
13.19 0.3631
13.2 0.3691
13.21 0.4365
13.22 0.5654
13.23 0.7442
13.24 0.9515
13.25 1.16
13.26 1.345
13.27 1.483
13.28 1.565
13.29 1.591
13.3 1.572
13.31 1.525
13.32 1.466
13.33 1.407
13.34 1.351
13.35 1.295
13.36 1.228
13.37 1.141
13.38 1.03
13.39 0.9005
13.4 0.7645
13.41 0.6408
13.42 0.5492
13.43 0.5055
13.44 0.5177
13.45 0.584
13.46 0.6925
13.47 0.8235
13.48 0.9532
13.49 1.058
13.5 1.119
13.51 1.126
13.52 1.078
13.53 0.9852
13.54 0.8622
13.55 0.728
13.56 0.6008
13.57 0.4957
13.58 0.4236
13.59 0.3915
13.6 0.4035
13.61 0.4611
13.62 0.5643
13.63 0.7106
13.64 0.8944
13.65 1.106
13.66 1.329
13.67 1.543
13.68 1.722
13.69 1.84
13.7 1.872
13.71 1.807
13.72 1.645
13.73 1.403
13.74 1.115
13.75 0.8201
13.76 0.5626
13.77 0.3782
13.78 0.2902
13.79 0.306
13.8 0.4167
13.81 0.6003
13.82 0.8268
13.83 1.064
13.84 1.285
13.85 1.468
13.86 1.602
13.87 1.685
13.88 1.722
13.89 1.719
13.9 1.684
13.91 1.623
13.92 1.542
13.93 1.446
13.94 1.344
13.95 1.246
13.96 1.166
13.97 1.118
13.98 1.111
13.99 1.15
14 1.231
14.01 1.34
14.02 1.461
14.03 1.576
14.04 1.669
14.05 1.73
14.06 1.754
14.07 1.741
14.08 1.689
14.09 1.601
14.1 1.477
14.11 1.318
14.12 1.131
14.13 0.925
14.14 0.7128
14.15 0.5087
14.16 0.3256
14.17 0.1732
14.18 0.05711
14.19 -0.02075
14.2 -0.06103
14.21 -0.06541
14.22 -0.03594
14.23 0.02477
14.24 0.1126
14.25 0.2204
14.26 0.3379
14.27 0.4518
14.28 0.5484
14.29 0.6165
14.3 0.6509
14.31 0.6538
14.32 0.6346
14.33 0.6069
14.34 0.5845
14.35 0.5769
14.36 0.5872
14.37 0.6119
14.38 0.6433
14.39 0.6738
14.4 0.6997
14.41 0.7241
14.42 0.7569
14.43 0.8132
14.44 0.9101
14.45 1.061
14.46 1.272
14.47 1.536
14.48 1.831
14.49 2.121
14.5 2.361
14.51 2.507
14.52 2.526
14.53 2.401
14.54 2.144
14.55 1.786
14.56 1.374
14.57 0.9616
14.58 0.5943
14.59 0.3041
14.6 0.1053
14.61 -0.003699
14.62 -0.03531
14.63 -0.005897
14.64 0.07027
14.65 0.1849
14.66 0.3366
14.67 0.5277
14.68 0.7604
14.69 1.03
14.7 1.323
14.71 1.615
14.72 1.874
14.73 2.07
14.74 2.178
14.75 2.189
14.76 2.108
14.77 1.955
14.78 1.755
14.79 1.536
14.8 1.317
14.81 1.111
14.82 0.9222
14.83 0.7473
14.84 0.5833
14.85 0.4285
14.86 0.2858
14.87 0.1624
14.88 0.06891
14.89 0.01736
14.9 0.01826
14.91 0.07815
14.92 0.1973
14.93 0.3685
14.94 0.5772
14.95 0.8033
14.96 1.025
14.97 1.224
14.98 1.386
14.99 1.506
15 1.586
15.01 1.63
15.02 1.641
15.03 1.621
15.04 1.564
15.05 1.466
15.06 1.325
15.07 1.145
15.08 0.9423
15.09 0.7379
15.1 0.5582
15.11 0.4279
15.12 0.3639
15.13 0.3715
15.14 0.4436
15.15 0.5623
15.16 0.7038
15.17 0.8443
15.18 0.9651
15.19 1.056
15.2 1.116
15.21 1.151
15.22 1.17
15.23 1.178
15.24 1.179
15.25 1.172
15.26 1.151
15.27 1.115
15.28 1.066
15.29 1.013
15.3 0.9696
15.31 0.952
15.32 0.9709
15.33 1.028
15.34 1.113
15.35 1.205
15.36 1.278
15.37 1.307
15.38 1.277
15.39 1.186
15.4 1.046
15.41 0.88
15.42 0.7125
15.43 0.5657
15.44 0.4529
15.45 0.3774
15.46 0.3346
15.47 0.3153
15.48 0.3095
15.49 0.3097
15.5 0.3107
15.51 0.3097
15.52 0.3049
15.53 0.2944
15.54 0.2763
15.55 0.25
15.56 0.2175
15.57 0.1844
15.58 0.1606
15.59 0.1593
15.6 0.1942
15.61 0.2769
15.62 0.413
15.63 0.5992
15.64 0.8223
15.65 1.06
15.66 1.282
15.67 1.462
15.68 1.574
15.69 1.606
15.7 1.559
15.71 1.45
15.72 1.303
15.73 1.15
15.74 1.019
15.75 0.9312
15.76 0.8974
15.77 0.9166
15.78 0.9773
15.79 1.06
15.8 1.143
15.81 1.204
15.82 1.228
15.83 1.207
15.84 1.147
15.85 1.062
15.86 0.9748
15.87 0.9089
15.88 0.8841
15.89 0.9103
15.9 0.9838
15.91 1.088
15.92 1.195
15.93 1.275
15.94 1.301
15.95 1.259
15.96 1.148
15.97 0.9857
15.98 0.7985
15.99 0.6208
16 0.4853
&
